614 615 346.007412139
1222 395 555.974633223
964 409 555.974633223
591 592 345.399441079
256 257 555.974633223
256 254 555.974633223
950 944 555.974633223
950 1409 555.974633223
273 274 555.974633223
1353 1354 555.974633223
31 29 654.719878494
1374 1375 345.969433698
134 290 345.81749359
134 452 555.974633223
134 796 345.81749359
88 89 347.145538799
88 86 655.442340322
88 1146 555.974633223
1412 1413 346.311144784
189 190 345.095202959
339 340 555.974633223
933 934 345.133241926
908 909 344.904968714
244 245 555.974633223
387 388 654.960671843
1041 1042 655.964262454
142 143 555.974633222
1281 303 345.703510855
290 449 345.81749359
149 150 555.974633223
149 224 345.665511344
149 63 654.6596846
737 738 348.12999093
1532 1533 345.475474311
1532 1535 345.475474311
170 171 555.974633223
170 222 345.893468912
745 746 347.940812242
873 874 345.247343053
873 1284 345.247343053
1131 1132 555.974633222
781 782 555.974633223
766 767 347.713710379
1147 1148 347.221329398
894 895 555.974633223
1368 1369 555.974633223
399 400 346.045387945
705 706 347.789421595
875 876 555.974633223
838 839 555.974633223
815 816 345.81749359
150 151 345.703510855
150 542 345.703510855
45 46 346.083361116
331 332 345.969433698
331 605 345.969433698
1056 1058 555.974633223
1056 1515 347.940812242
1240 1241 555.974633223
464 223 345.589504426
464 583 555.974633222
654 1113 555.974633223
654 1547 346.425001018
1219 245 555.974633223
735 736 348.12999093
482 198 555.974633223
1385 1386 555.974633223
1455 1456 345.285371504
612 613 555.974633223
612 1309 346.045387945
496 497 346.159299551
452 453 345.779501978
452 290 654.739943526
835 836 555.974633223
611 1299 346.045387945
624 625 345.665511344
805 806 345.741507733
636 348 555.974633223
1261 1262 555.974633223
1261 1263 345.399441079
392 393 555.974633223
392 537 346.159299551
401 509 346.083361116
401 539 9552.59672821
401 1221 555.974633222
483 329 555.974633223
483 179 555.974633223
916 917 345.019117143
412 413 346.045387945
412 421 346.045387945
412 422 555.974633223
216 217 555.974633223
714 715 655.863884051
640 641 346.045387945
640 1212 555.974633223
891 892 345.171278263
749 750 555.974633222
859 860 345.665511344
389 390 346.197264814
352 353 345.019117143
1193 1194 347.334995465
1493 1494 555.974633223
814 815 555.974633223
814 1289 345.779501978
814 1397 555.974633222
670 671 555.974633222
530 531 555.974633222
530 532 346.273187431
1021 1022 555.974633222
475 476 555.974633223
172 173 555.974633223
172 180 654.82020563
108 48 346.045387945
108 106 654.880404271
716 717 347.940812242
133 134 555.974633223
133 415 345.855482568
1395 237 345.665511344
1395 1215 555.974633223
1047 1048 348.054327407
1479 1480 555.974633223
73 61 345.665511344
1042 1043 555.974633222
406 407 654.900470873
406 963 555.974633223
428 429 346.197264814
145 146 345.551497019
588 589 555.974633222
1 2 345.969433698
1 283 654.82020563
1 161 555.974633223
1 10 654.840271648
1237 1238 345.209311973
540 504 555.974633222
1191 1192 347.372878864
208 209 345.551497019
1436 1437 555.974633223
439 440 346.387051577
439 1465 555.974633222
498 499 346.159299551
32 13 555.974633222
32 576 555.974633223
769 770 555.974633223
1216 1217 345.703510855
1216 237 654.679749032
1181 1054 555.974633222
1195 1160 555.974633223
809 810 345.779501978
809 955 345.779501978
828 829 555.974633223
803 804 345.703510855
361 1114 555.974633223
724 725 655.924110607
75 46 555.974633222
325 343 346.007412139
325 403 555.974633223
2 3 345.969433698
2 1299 1111.94926645
1009 1010 655.763509736
827 828 346.197264814
827 1453 346.197264814
143 144 555.974633223
671 672 347.069737624
986 987 347.259220732
577 559 345.893468912
577 1155 345.893468912
1138 1139 347.297109421
1409 1410 346.273187431
1506 929 345.247343053
342 339 346.007412139
342 316 346.007412139
459 460 555.974633223
466 467 345.703510855
652 653 346.387051577
1362 1363 345.855482568
386 387 555.974633223
1060 1061 347.978653281
1248 1249 345.247343053
1248 1276 555.974633223
1295 43 346.159299551
1295 1404 346.159299551
1166 1085 347.334995465
1160 1196 347.297109421
465 466 345.703510855
997 998 347.486513188
1389 1326 345.969433698
1422 1423 347.069737624
1082 1083 655.602919534
202 200 346.007412139
1113 1114 346.46294782
1113 1116 346.46294782
285 286 345.931452622
285 291 555.974633223
481 170 345.893468912
481 572 345.893468912
481 299 555.974633222
628 629 345.589504426
432 433 346.273187431
191 192 345.057161365
33 34 555.974633223
33 129 345.931452622
33 578 555.974633223
1490 1491 347.107639533
1399 1400 555.974633223
1399 1401 345.703510855
625 626 555.974633222
625 872 345.665511344
503 289 346.121331651
295 296 345.893468912
1424 1425 347.031833073
533 534 346.311144784
798 799 345.779501978
726 727 348.054327407
829 830 346.235227441
6 7 555.974633223
6 113 555.974633223
526 527 346.235227441
366 367 346.61470864
1207 463 555.974633222
316 317 346.007412139
316 854 555.974633223
1288 823 345.931452622
678 679 347.18343542
1192 1193 655.562773687
1192 1520 347.372878864
225 226 345.741507733
1360 1361 555.974633222
849 850 346.311144784
849 851 346.311144784
821 822 345.931452622
165 1229 555.974633223
617 618 346.007412139
722 723 348.016491669
1407 1408 346.159299551
562 563 345.855482568
562 642 345.855482568
999 1000 555.974633223
999 1184 555.974633223
1067 1068 347.865122217
1067 1015 347.865122217
1340 1341 346.045387945
985 986 555.974633222
117 118 345.779501978
117 541 345.779501978
117 218 654.719878494
968 1427 345.43745901
643 246 346.007412139
643 597 346.007412139
643 1402 555.974633223
1276 1277 345.285371504
306 307 345.551497019
1484 1485 347.221329398
296 297 555.974633222
924 925 555.974633223
924 938 345.361420517
546 493 555.974633222
546 880 347.107639533
532 533 555.974633222
808 809 555.974633222
424 425 346.121331651
1043 1044 655.924110607
1541 8 555.974633223
1220 1221 555.974633223
1220 1222 346.159299551
1406 1407 555.974633223
692 693 347.524386004
648 649 346.349099499
648 651 555.974633223
278 279 344.981070294
1003 1004 555.974633223
166 167 654.539302265
169 170 555.974633222
169 299 345.855482568
1189 1190 347.372878864
1433 1434 346.538833508
186 187 555.974633223
186 881 345.171278263
687 688 347.410759618
710 711 555.974633223
1382 1383 346.007412139
106 107 555.974633223
114 126 345.931452622
462 463 654.639620372
1315 1316 555.974633223
1052 1053 555.974633223
694 695 555.974633223
839 840 346.159299551
715 716 347.940812242
886 887 555.974633222
1051 1052 555.974633222
940 941 346.159299551
940 951 555.974633223
1127 1128 347.410759618
784 785 347.410759618
435 436 346.349099499
435 437 555.974633223
965 407 555.974633222
262 263 346.197264814
844 845 346.197264814
657 562 555.974633223
657 1545 345.81749359
1378 1379 555.974633223
38 39 346.045387945
38 111 555.974633223
776 777 347.600123696
1211 640 555.974633223
232 233 555.974633223
232 235 345.627509201
1152 1143 347.259220732
98 99 346.121331651
1053 1054 555.974633223
1466 438 555.974633222
517 518 346.159299551
490 491 347.183435421
490 492 555.974633223
1145 91 555.974633223
128 34 345.969433698
128 129 555.974633223
128 36 555.974633223
128 1290 345.969433698
559 560 345.893468912
559 635 555.974633223
1078 1079 555.974633222
1078 1076 555.974633223
996 997 347.486513188
1544 1002 555.974633223
298 221 345.855482568
298 482 555.974633222
298 220 555.974633223
1049 1050 555.974633223
168 169 555.974633223
168 181 345.81749359
168 120 555.974633223
1367 1368 345.969433698
264 265 555.974633222
264 319 346.121331651
264 1110 346.121331651
1032 1033 656.084721826
130 131 345.893468912
130 579 555.974633222
1176 1177 347.827273231
1159 1160 347.297109421
1287 445 346.387051577
163 164 555.974633222
163 1228 345.475474311
576 918 654.679749032
576 939 555.974633223
576 467 345.703510855
1302 1303 346.387051577
95 96 346.121331651
229 313 346.500891983
1502 1503 346.121331651
541 218 555.974633222
541 154 345.779501978
64 65 345.589504426
904 905 555.974633222
904 1469 344.943020817
203 204 555.974633223
203 338 346.007412139
878 879 555.974633223
878 1542 345.361420517
926 927 555.974633223
572 573 345.893468912
1529 1109 555.974633222
1529 1108 655.442340322
1019 1020 555.974633222
185 186 345.171278263
832 833 346.273187431
209 210 555.974633222
1135 1136 347.334995465
697 698 655.723361172
890 891 345.171278263
819 820 345.893468912
379 380 655.06101062
880 492 555.974633222
880 981 655.442340322
231 232 345.627509201
231 233 654.639620372
63 64 555.974633223
63 224 555.974633222
939 467 654.679749032
1000 1001 555.974633222
1029 1030 656.044568069
1099 1100 655.502556218
1099 1097 655.502556218
1099 1159 555.974633223
934 935 555.974633223
1177 1178 555.974633223
1178 1179 347.865122217
515 516 555.974633223
329 481 555.974633223
329 171 345.931452622
1408 946 555.974633223
787 788 555.974633223
584 585 345.513486981
1277 1278 345.285371504
287 288 555.974633223
287 414 555.974633223
1304 1305 346.387051577
384 385 346.311144784
384 529 346.311144784
1359 1360 345.893468912
1214 612 555.974633223
629 630 345.589504426
1292 1293 346.121331651
448 449 345.81749359
448 450 654.739943526
454 455 345.741507733
454 457 345.741507733
973 974 347.031833073
1388 1389 345.969433698
1321 1322 346.61470864
1321 1323 346.61470864
1501 1502 555.974633223
1069 1070 555.974633223
681 682 555.974633222
1474 1475 344.943020817
978 979 555.974633222
978 980 347.069737624
1514 1170 555.974633222
682 683 555.974633223
682 1482 347.259220732
822 823 345.931452622
822 1218 555.974633223
440 441 346.387051577
1530 415 555.974633222
1530 291 345.893468912
984 985 347.221329398
984 1094 655.482484078
377 313 555.974633222
1313 1314 346.652642247
1313 1324 346.652642247
680 681 347.221329398
453 454 654.719878494
453 549 345.779501978
305 484 345.589504426
305 485 654.639620372
305 476 555.974633222
167 162 555.974633222
167 164 345.43745901
167 659 345.43745901
951 337 346.121331651
1110 318 555.974633222
1110 253 555.974633223
1403 610 555.974633222
1403 1541 346.083361116
18 19 345.81749359
192 193 555.974633223
192 194 654.358742643
763 764 347.751567311
177 178 555.974633223
177 179 346.007412139
1538 1539 555.974633222
351 352 345.019117143
1320 1321 555.974633222
1018 1019 555.974633223
516 517 346.159299551
430 431 555.974633223
199 200 555.974633223
199 201 346.045387945
199 205 555.974633223
709 710 347.827273231
731 732 555.974633222
1545 551 555.974633223
927 928 345.285371504
927 1506 555.974633223
754 755 347.902968554
7 8 346.045387945
7 39 346.045387945
7 1403 555.974633223
672 673 347.069737624
889 890 345.171278263
1324 1311 555.974633223
1513 1104 347.145538799
813 814 345.779501978
704 705 347.789421595
514 515 346.121331651
514 405 555.974633222
538 397 346.083361116
1354 1355 346.007412139
1354 1352 654.840271648
1025 1026 655.984338618
90 91 347.18343542
987 988 555.974633223
987 1087 347.259220732
998 999 347.486513188
1441 1442 344.981070294
1084 1085 555.974633222
1198 1199 347.259220732
1229 166 345.399441079
1534 1532 654.559365477
944 945 346.197264814
390 391 346.197264814
1512 1513 347.145538799
181 221 555.974633223
181 119 555.974633223
355 356 555.974633223
1402 538 555.974633223
831 832 346.273187431
831 1450 655.000806782
922 923 555.974633223
1004 1005 347.637988571
1004 1006 655.723361172
1004 1544 347.637988571
1462 1463 346.46294782
574 575 555.974633222
1518 1519 555.974633222
679 680 555.974633223
455 456 345.741507733
1172 1173 347.789421595
554 555 345.81749359
554 658 345.81749359
554 552 654.739943526
223 147 345.589504426
905 906 344.904968714
1202 1103 555.974633223
1539 1536 345.43745901
19 20 555.974633223
1440 1441 555.974633223
650 651 346.387051577
650 1439 346.387051577
311 312 345.513486981
1175 1176 347.827273231
111 112 346.007412139
111 36 346.007412139
429 430 346.197264814
1096 1097 347.221329398
895 896 345.095202959
895 897 555.974633223
291 292 345.893468912
291 548 1805.65268689
900 901 344.981070294
1398 1397 345.741507733
300 301 345.81749359
363 364 346.690573214
363 1429 346.690573214
1498 668 346.993925878
21 22 345.779501978
686 687 555.974633223
569 570 555.974633223
1445 1446 555.974633222
901 902 555.974633223
736 737 348.12999093
779 780 655.663139588
1141 1142 347.297109421
257 258 346.235227441
257 255 654.960671843
433 434 555.974633222
851 847 555.974633222
1109 971 655.42226871
1343 1344 346.045387945
1314 1315 346.652642247
548 447 555.974633223
548 153 654.719878494
416 417 345.855482568
488 489 347.18343542
610 44 555.974633223
1081 1082 655.622992714
1144 1145 555.974633222
898 899 345.019117143
367 368 346.61470864
457 458 555.974633223
183 184 345.209311973
958 959 345.81749359
184 185 555.974633223
184 186 654.418927309
184 1237 345.209311973
340 341 345.969433698
1434 1435 555.974633222
1369 1370 346.007412139
1485 793 347.221329398
1104 1105 555.974633222
1104 1202 655.462412112
1209 217 345.703510855
493 487 347.145538799
59 47 346.045387945
59 45 555.974633223
1289 1398 555.974633222
20 21 345.779501978
20 26 345.779501978
1510 219 345.741507733
1489 1490 555.974633222
393 394 346.121331651
393 538 555.974633222
673 674 555.974633223
1250 1251 345.247343053
1250 1252 555.974633223
579 565 555.974633223
579 132 345.855482568
579 578 654.780074182
899 900 555.974633223
812 813 555.974633222
812 22 654.719878494
856 857 555.974633222
1386 1387 345.969433698
265 266 555.974633223
1058 1059 347.978653281
988 989 347.297109421
34 35 555.974633223
792 793 694.442658393
775 776 555.974633223
105 106 346.083361116
935 936 555.974633223
1280 1281 345.703510855
213 214 555.974633222
213 462 345.627509201
213 581 555.974633223
213 215 654.6596846
911 912 654.278499372
151 152 345.703510855
151 1204 555.974633223
400 401 555.974633223
400 402 346.045387945
400 594 555.974633223
1206 583 555.974633223
760 761 555.974633223
797 798 555.974633223
797 1282 345.81749359
415 416 345.855482568
415 290 555.974633223
1210 1211 346.083361116
376 377 555.974633223
1444 1445 345.019117143
818 819 555.974633222
1119 1120 555.974633223
1119 1430 655.141285042
1119 361 555.974633222
37 38 346.045387945
949 950 346.235227441
1242 1243 555.974633223
327 328 345.931452622
765 766 347.713710379
765 769 555.974633223
476 477 345.551497019
476 919 345.551497019
770 771 347.637988571
495 88 555.974633222
239 240 345.627509201
239 241 555.974633223
1022 1023 348.092160494
947 948 346.235227441
1349 1350 555.974633223
434 435 555.974633223
1231 1232 555.974633223
1231 1234 555.974633223
68 69 555.974633222
68 470 345.551497019
589 590 345.43745901
1481 682 347.259220732
762 763 347.751567311
711 712 347.865122217
578 130 345.893468912
578 563 555.974633222
578 562 654.780074182
368 369 346.61470864
1133 1134 347.334995465
931 932 555.974633223
994 995 555.974633223
436 438 555.974633223
266 267 346.045387945
217 152 345.703510855
217 547 555.974633223
888 889 555.974633223
824 599 345.969433698
824 1288 555.974633223
417 418 345.855482568
417 292 555.974633222
1070 1071 555.974633222
1070 1170 655.783584267
1070 1514 347.789421595
983 984 655.482484078
983 1095 655.482484078
983 1161 555.974633223
983 1415 347.18343542
1404 1405 555.974633223
164 165 345.43745901
164 166 555.974633223
487 488 555.974633223
487 545 555.974633222
800 801 345.741507733
527 528 555.974633223
499 500 555.974633223
373 374 346.61470864
820 821 555.974633223
620 621 345.703510855
620 634 345.703510855
620 666 555.974633223
196 197 555.974633223
995 996 655.622992714
1204 1205 555.974633222
1204 149 345.665511344
771 772 347.637988571
1215 237 654.679749032
1215 1280 345.703510855
861 862 555.974633223
861 863 345.665511344
1319 1320 555.974633223
604 18 555.974633223
330 331 555.974633223
330 577 555.974633223
431 432 555.974633223
103 104 346.083361116
103 1214 346.083361116
1428 659 555.974633223
72 73 345.665511344
1257 1258 654.519239255
1371 1372 346.007412139
785 786 555.974633223
568 569 346.159299551
720 721 347.978653281
1115 654 346.425001018
748 749 347.902968554
1026 1027 555.974633222
608 609 555.974633223
1194 1195 347.334995465
734 735 348.12999093
915 916 555.974633223
912 913 344.943020817
946 947 555.974633223
946 941 654.940604661
1327 1328 346.007412139
1476 1477 347.145538799
1432 1433 346.538833508
451 290 555.974633223
451 134 654.739943526
451 452 345.779501978
197 183 345.209311973
522 523 346.197264814
505 506 346.690573214
647 648 346.349099499
750 751 347.865122217
251 252 346.159299551
1188 1189 347.372878864
82 83 555.974633223
1308 649 346.349099499
129 130 555.974633223
1270 1271 345.589504426
1270 1272 555.974633223
1442 274 344.981070294
1536 1531 345.43745901
1456 1457 345.285371504
1024 1025 348.12999093
1307 1308 346.349099499
802 803 345.703510855
914 915 344.981070294
302 303 345.703510855
302 576 345.703510855
1155 556 555.974633222
858 859 345.665511344
583 145 345.551497019
583 1207 345.551497019
158 159 555.974633222
811 798 345.779501978
1232 1233 346.425001018
385 386 555.974633222
347 289 555.974633223
144 145 555.974633223
144 146 654.599492519
144 584 345.513486981
144 1206 345.513486981
365 366 655.181423372
204 199 346.045387945
755 756 555.974633222
1161 1415 655.482484078
1284 1285 345.247343053
9 10 346.007412139
9 611 555.974633223
1103 1104 347.145538799
375 376 346.576772394
54 55 346.045387945
54 59 346.045387945
219 117 555.974633222
219 150 555.974633223
162 163 345.475474311
1500 1501 346.159299551
109 110 346.045387945
109 335 555.974633223
1097 1098 347.221329398
1097 1158 555.974633222
1377 1378 345.969433698
806 807 345.741507733
281 282 344.981070294
480 68 555.974633223
906 907 344.904968714
906 904 654.278499372
1423 1424 555.974633222
1027 1028 348.205643849
1085 1086 347.334995465
1323 1317 346.61470864
758 759 555.974633223
460 461 345.665511344
1366 1367 555.974633223
566 567 346.197264814
566 608 346.197264814
1296 54 555.974633223
201 202 555.974633223
1309 103 555.974633223
1477 1478 555.974633223
497 498 346.159299551
104 105 346.083361116
1252 1253 345.285371504
138 139 345.361420517
1535 1536 555.974633222
1535 1537 555.974633223
1535 1538 345.475474311
394 395 346.121331651
631 622 555.974633222
631 870 345.627509201
1086 990 347.334995465
447 448 345.81749359
447 418 555.974633223
1469 1470 344.943020817
1272 1273 345.627509201
1272 1393 345.627509201
855 856 345.627509201
92 93 346.121331651
92 289 346.121331651
727 728 555.974633222
757 758 347.865122217
666 667 345.741507733
666 1236 345.741507733
595 596 555.974633223
1443 1444 345.019117143
1488 1489 347.145538799
1266 1267 654.579428896
1266 1392 345.475474311
1400 1396 345.665511344
193 194 345.095202959
193 195 555.974633223
665 513 555.974633222
649 650 555.974633223
656 1125 346.387051577
1015 1016 555.974633222
1015 1516 347.865122217
528 386 346.273187431
592 593 345.399441079
618 49 346.007412139
618 952 555.974633223
469 121 555.974633222
1205 223 555.974633223
3 4 345.969433698
485 486 345.627509201
485 304 555.974633222
635 636 345.931452622
635 330 345.931452622
1491 1492 555.974633223
275 276 344.981070294
275 1443 555.974633223
404 405 654.880404271
404 1227 346.045387945
1114 1115 555.974633223
1114 1540 346.46294782
319 320 555.974633223
1286 1287 346.387051577
212 213 345.627509201
799 800 555.974633222
799 1282 555.974633223
1453 499 555.974633223
1065 1066 655.863884051
1088 1089 347.221329398
1279 1215 345.703510855
1279 1216 345.703510855
952 76 345.969433698
1452 827 555.974633223
639 640 346.045387945
1076 1077 655.683213281
1077 1078 347.562256173
646 647 346.349099499
1391 1509 346.311144784
85 86 347.107639533
596 597 654.840271648
596 598 345.969433698
328 329 345.931452622
1120 1121 346.576772394
976 977 347.069737624
403 404 346.045387945
236 237 555.974633222
1090 1091 655.462412112
698 699 655.74343537
419 294 555.974633222
651 652 346.387051577
1108 1109 347.107639533
1108 971 555.974633223
1467 1468 345.741507733
115 116 345.81749359
115 446 345.81749359
115 1111 555.974633223
237 238 345.665511344
237 1279 555.974633223
1014 1015 655.82373383
563 564 555.974633223
563 579 345.855482568
1100 1101 347.221329398
1358 1359 555.974633223
1168 1074 347.675850799
1168 1073 555.974633223
1089 1090 555.974633223
739 740 555.974633223
369 370 346.61470864
1050 1051 348.016491669
717 718 555.974633223
263 258 555.974633223
437 438 346.387051577
783 784 555.974633223
627 628 345.589504426
1291 1292 555.974633222
1158 1099 347.259220732
738 739 348.12999093
817 818 345.855482568
1507 938 555.974633223
1318 1319 655.141285042
653 654 555.974633222
653 655 346.387051577
1182 1056 347.940812242
1107 1108 347.107639533
1107 1511 655.442340322
259 260 555.974633223
259 261 346.235227441
259 262 555.974633223
1446 1447 345.057161365
1438 650 555.974633222
941 942 555.974633223
1054 1055 347.902968554
992 993 555.974633223
992 1084 347.372878864
318 265 346.083361116
318 268 654.880404271
842 843 346.159299551
126 127 555.974633223
126 198 345.931452622
504 505 346.690573214
767 768 347.713710379
521 522 346.197264814
1072 1073 347.713710379
1072 1169 347.713710379
564 565 345.81749359
8 5 555.974633223
8 611 346.045387945
8 1403 654.880404271
29 30 555.974633222
834 835 346.273187431
674 675 347.107639533
674 1476 555.974633222
791 792 347.221329398
491 982 347.18343542
276 277 344.981070294
1037 1038 656.044568069
1002 1003 347.600123696
1335 1336 555.974633223
810 811 345.779501978
810 958 555.974633223
713 714 555.974633222
744 745 555.974633223
427 428 555.974633223
923 924 654.519239255
1201 1202 347.18343542
418 419 345.855482568
30 31 345.741507733
30 32 345.741507733
30 302 555.974633223
30 28 654.719878494
582 463 345.589504426
691 692 655.643066066
60 61 555.974633223
60 225 555.974633223
60 465 345.703510855
903 904 344.943020817
740 741 655.944186449
816 817 555.974633223
1075 1076 555.974633223
1075 1168 655.723361172
774 775 347.637988571
247 244 346.045387945
247 248 555.974633223
1239 1240 345.247343053
1543 1452 555.974633223
913 914 555.974633223
1091 1092 555.974633223
1091 1416 347.145538799
1336 1337 346.045387945
1246 1247 345.399441079
1246 1300 345.399441079
313 314 346.500891983
313 378 555.974633223
1478 1479 347.18343542
669 670 347.031833073
74 75 346.121331651
1306 1307 555.974633223
100 101 346.121331651
1339 1340 346.045387945
603 604 345.855482568
641 201 346.045387945
641 1210 555.974633223
260 535 346.273187431
508 370 655.181423372
233 234 345.589504426
233 305 345.589504426
233 306 654.619556343
174 175 555.974633223
174 126 654.82020563
174 127 345.969433698
633 634 555.974633223
790 791 655.502556218
1451 1452 654.980739218
1451 1543 346.273187431
1464 379 346.425001018
1464 444 346.425001018
1105 1106 347.107639533
1365 1366 345.931452622
702 703 655.783584267
478 479 345.513486981
270 271 555.974633223
547 548 555.974633222
807 808 345.741507733
47 48 346.045387945
764 765 655.763509736
1062 1063 655.883959406
438 439 346.387051577
1116 1117 555.974633223
685 686 555.974633222
286 287 345.931452622
286 113 555.974633223
286 414 654.800139808
286 291 654.800139808
1471 1472 344.981070294
332 333 555.974633223
332 348 345.969433698
288 112 555.974633223
288 1290 345.969433698
955 956 345.779501978
955 808 654.719878494
1212 1213 346.007412139
1230 1231 346.46294782
1483 1484 555.974633222
307 308 345.551497019
1342 1343 346.045387945
1337 1338 346.045387945
558 559 555.974633222
398 399 346.045387945
35 36 346.007412139
35 109 654.860337862
925 926 345.323397325
925 1507 345.323397325
1384 1385 346.007412139
25 20 555.974633222
443 444 346.425001018
402 403 346.045387945
253 254 346.159299551
1526 1527 347.221329398
1203 1204 345.665511344
600 601 345.931452622
664 328 555.974633223
664 483 345.969433698
1218 1219 345.969433698
658 552 555.974633223
1098 1099 555.974633222
159 156 346.61470864
778 779 347.562256173
26 27 345.779501978
26 18 555.974633223
719 720 347.978653281
877 878 555.974633223
450 451 345.779501978
139 140 555.974633223
885 886 345.247343053
960 961 345.855482568
960 301 555.974633223
751 752 347.865122217
637 317 346.007412139
637 267 555.974633223
1470 1471 555.974633223
1074 1075 555.974633223
1546 644 346.349099499
46 47 555.974633223
46 78 346.083361116
50 51 345.969433698
101 102 346.121331651
1187 1188 555.974633223
638 639 346.045387945
585 586 555.974633223
388 255 346.197264814
388 389 346.197264814
565 549 555.974633223
565 796 345.81749359
280 281 344.981070294
1357 1358 555.974633223
301 14 345.81749359
1516 1014 555.974633223
534 260 555.974633222
1482 1483 347.259220732
55 56 346.045387945
1093 1094 347.18343542
22 23 555.974633222
707 708 555.974633223
938 923 555.974633223
1184 1185 347.448637726
449 450 555.974633223
449 451 654.739943526
1508 473 555.974633223
1531 1532 555.974633222
1531 1534 345.43745901
1458 381 555.974633223
1458 1459 346.349099499
509 510 555.974633222
509 511 346.083361116
662 663 345.969433698
659 660 345.43745901
659 969 555.974633222
957 816 345.81749359
1057 1056 555.974633223
1225 1226 345.475474311
320 254 346.159299551
1381 1382 346.007412139
581 582 345.589504426
1146 1147 555.974633223
83 84 347.107639533
148 149 555.974633222
148 63 345.627509201
632 633 345.665511344
122 123 345.361420517
122 125 345.361420517
122 124 654.499176452
1241 1242 345.285371504
1255 124 345.323397325
544 487 347.145538799
544 1103 347.145538799
989 990 555.974633223
1348 1349 654.880404271
741 742 348.054327407
1352 1353 345.969433698
836 837 346.235227441
87 88 347.145538799
1397 1289 654.719878494
1397 1399 555.974633223
258 259 346.235227441
718 719 347.978653281
847 848 346.273187431
847 852 346.273187431
1316 1317 346.61470864
675 676 347.107639533
675 677 555.974633222
675 673 655.42226871
1473 1474 555.974633223
241 242 345.589504426
1492 1493 555.974633222
970 971 347.069737624
970 972 555.974633222
1174 1175 655.803658966
297 298 345.855482568
1061 1062 347.978653281
1045 1046 655.924110607
1035 1036 555.974633223
1142 1143 555.974633223
1472 1473 344.981070294
1260 1261 345.399441079
1431 1432 555.974633223
793 794 555.974633223
793 1486 347.221329398
853 844 555.974633223
796 453 555.974633223
283 284 345.931452622
283 2 555.974633223
246 247 555.974633223
195 196 555.974633223
630 631 555.974633223
473 474 345.513486981
473 920 654.579428896
473 478 345.513486981
1011 1012 347.789421595
1523 1524 555.974633223
1028 1029 555.974633223
1071 1072 655.763509736
80 81 555.974633222
80 82 347.069737624
1055 1056 655.863884051
1055 1057 347.902968554
1055 1182 555.974633223
1305 1306 346.387051577
725 726 348.054327407
833 834 346.273187431
833 1391 555.974633222
147 148 555.974633223
622 632 345.665511344
622 623 345.665511344
1170 1171 347.751567311
1170 1172 655.783584267
494 89 347.145538799
364 365 555.974633223
364 504 346.690573214
782 783 347.448637726
293 294 345.893468912
293 283 555.974633223
954 206 345.513486981
477 233 555.974633222
474 475 345.513486981
474 919 555.974633223
67 68 345.551497019
852 853 555.974633223
881 882 345.171278263
668 669 555.974633223
1303 1304 346.387051577
601 602 555.974633223
1010 1011 555.974633222
1010 1183 347.751567311
1294 1295 555.974633223
1334 1335 346.083361116
484 485 555.974633223
338 339 346.007412139
1417 1418 555.974633222
742 743 555.974633223
1179 1180 347.865122217
1437 1438 346.425001018
152 153 555.974633223
152 1203 555.974633223
857 858 345.665511344
441 442 346.387051577
921 922 345.43745901
1310 188 345.133241926
304 230 345.665511344
228 229 555.974633223
602 603 555.974633222
936 937 555.974633222
677 678 555.974633223
23 24 345.741507733
23 812 345.741507733
17 18 345.81749359
17 27 555.974633223
0 1 345.969433698
0 114 555.974633223
0 243 555.974633223
0 420 654.840271648
511 512 555.974633222
511 665 346.083361116
511 403 555.974633223
1213 202 346.007412139
188 189 555.974633223
188 185 555.974633223
245 246 346.007412139
245 269 346.007412139
245 247 654.860337862
250 251 555.974633223
250 321 346.121331651
1497 1498 346.993925878
463 464 345.589504426
463 1208 555.974633223
902 903 344.943020817
79 80 347.069737624
79 81 655.402197274
1183 1009 555.974633223
155 156 346.61470864
444 445 655.06101062
444 1463 555.974633223
1465 1466 346.425001018
1465 438 655.06101062
479 480 345.513486981
975 976 347.069737624
570 423 346.121331651
570 422 654.900470873
49 50 654.840271648
49 76 555.974633223
49 953 346.007412139
1435 1436 655.101147456
423 424 346.121331651
423 422 555.974633222
1149 1150 555.974633222
1426 1109 555.974633223
1426 1423 347.069737624
1301 1302 346.387051577
334 58 555.974633223
1265 1266 555.974633222
243 412 555.974633223
310 311 345.513486981
1347 1348 346.083361116
1259 1260 345.399441079
542 60 345.703510855
542 1510 555.974633223
1005 1003 655.703287142
1517 1012 555.974633223
623 624 345.665511344
413 11 555.974633223
413 1454 555.974633223
57 58 346.045387945
854 341 345.969433698
1425 1426 555.974633222
371 372 346.61470864
472 473 555.974633223
136 137 345.323397325
210 211 345.589504426
426 427 346.159299551
445 381 346.387051577
176 177 346.007412139
176 964 555.974633223
77 59 555.974633223
77 53 346.007412139
743 744 555.974633222
1143 1144 347.259220732
580 455 555.974633222
580 550 345.779501978
580 564 555.974633223
1169 1071 555.974633223
730 731 655.944186449
575 15 555.974633223
756 757 347.865122217
942 943 346.197264814
942 946 346.197264814
942 947 654.960671843
230 231 555.974633222
230 1281 555.974633223
1503 1500 555.974633223
683 684 347.297109421
1039 1040 555.974633222
539 540 346.728501541
1227 323 555.974633223
1297 53 346.007412139
1297 1298 346.007412139
706 707 347.789421595
1244 1245 345.361420517
1244 1246 555.974633223
119 120 345.779501978
974 975 555.974633222
96 97 346.121331651
96 1332 555.974633222
97 98 346.121331651
1355 1356 555.974633223
1165 1166 347.334995465
446 447 345.81749359
446 419 555.974633223
594 595 346.007412139
594 661 555.974633223
804 805 555.974633223
1328 1329 654.860337862
1463 378 346.46294782
69 70 555.974633223
51 52 345.969433698
51 77 555.974633223
1006 1007 347.675850799
1283 1155 555.974633223
141 142 345.43745901
609 44 346.159299551
501 502 346.121331651
512 513 346.121331651
512 510 346.121331651
953 77 346.007412139
1102 544 555.974633223
127 420 555.974633223
127 0 345.969433698
1430 1431 346.576772394
529 530 655.000806782
843 844 555.974633223
1095 1096 347.221329398
1095 1161 347.221329398
613 614 346.007412139
747 748 347.902968554
1066 1067 655.843808857
977 978 347.069737624
1509 834 555.974633222
981 982 655.462412112
981 491 555.974633223
1350 1351 555.974633223
728 729 348.092160494
1275 1262 555.974633222
1044 1045 348.016491669
661 596 345.969433698
661 662 345.969433698
470 471 345.551497019
359 360 555.974633222
359 361 346.500891983
644 645 346.349099499
644 656 555.974633223
1023 1024 555.974633223
537 393 654.920537671
56 57 346.045387945
343 594 346.007412139
867 868 345.665511344
991 992 347.372878864
1264 1265 345.43745901
43 44 346.159299551
1173 1174 347.789421595
1139 1140 347.297109421
753 754 347.902968554
1087 1088 555.974633222
1087 1162 347.259220732
312 162 555.974633223
411 412 654.880404271
411 423 654.900470873
182 183 555.974633222
553 554 555.974633223
1499 1500 346.159299551
1499 1504 555.974633223
1499 1505 346.159299551
918 486 555.974633222
918 302 555.974633223
255 256 346.197264814
255 536 555.974633223
76 50 345.969433698
1351 1352 345.969433698
1351 1373 345.969433698
425 426 555.974633223
689 690 655.622992714
703 704 347.789421595
374 375 555.974633222
963 178 346.045387945
1268 1269 345.551497019
876 877 345.323397325
252 253 346.159299551
523 524 346.197264814
1325 1326 345.969433698
1325 1327 555.974633223
1325 1390 555.974633223
1151 1152 347.259220732
198 172 345.931452622
198 174 555.974633223
405 406 346.083361116
405 665 346.083361116
1030 1031 656.064644869
1129 1130 347.372878864
153 154 555.974633222
153 218 345.741507733
153 547 345.741507733
699 700 347.713710379
598 599 345.969433698
598 600 654.82020563
1528 1529 555.974633223
140 141 555.974633223
140 142 654.539302265
982 983 347.183435421
110 37 346.045387945
1200 1201 555.974633223
121 12 345.779501978
121 301 654.739943526
121 300 555.974633223
518 519 346.159299551
518 513 555.974633223
1394 124 345.323397325
1048 1049 348.054327407
13 14 555.974633223
13 29 345.779501978
972 973 347.031833073
360 1119 346.538833508
360 1121 555.974633223
1111 297 345.855482568
525 526 346.235227441
116 117 555.974633223
794 795 655.462412112
1016 1017 555.974633223
461 214 345.665511344
461 212 555.974633222
1106 1107 347.107639533
346 830 555.974633223
458 459 345.703510855
1036 1037 348.281286162
863 864 345.665511344
1521 1522 347.334995465
1521 1523 655.542701024
1148 1149 347.221329398
118 119 345.779501978
118 220 555.974633223
761 762 555.974633222
1020 1021 555.974633223
920 921 555.974633222
920 1508 345.475474311
708 709 347.827273231
267 268 346.045387945
267 318 555.974633223
267 269 654.860337862
696 697 655.703287142
235 236 345.627509201
235 233 654.639620372
350 351 345.019117143
350 1440 345.019117143
99 100 346.121331651
688 689 555.974633223
919 472 345.551497019
271 272 344.904968714
271 273 555.974633222
752 753 555.974633222
1046 1047 348.054327407
619 335 346.083361116
932 933 555.974633223
1217 812 555.974633223
990 991 555.974633222
990 988 655.542701024
1112 361 346.500891983
1112 1113 555.974633223
1112 1118 555.974633222
519 520 346.159299551
519 512 555.974633223
154 447 654.739943526
693 694 555.974633222
513 514 346.121331651
513 519 654.920537671
1487 1488 555.974633223
28 16 555.974633223
28 29 345.779501978
467 468 555.974633223
396 397 346.083361116
396 400 654.880404271
396 401 346.083361116
10 11 346.007412139
10 2 555.974633223
410 411 346.083361116
492 493 347.145538799
492 981 347.145538799
1383 1384 346.007412139
345 346 346.197264814
345 347 555.974633223
1520 1521 555.974633222
556 557 345.855482568
556 1156 345.855482568
645 646 346.349099499
1073 1074 655.74343537
84 85 347.107639533
52 53 555.974633223
507 508 555.974633223
277 278 344.981070294
729 730 348.092160494
1461 1462 346.46294782
227 129 345.931452622
227 287 345.931452622
1486 1487 555.974633223
1092 1093 347.18343542
535 261 555.974633223
61 62 555.974633222
224 61 345.665511344
224 148 654.6596846
1154 636 345.931452622
1154 33 345.931452622
626 627 555.974633223
341 342 555.974633223
1167 1082 555.974633223
1258 1259 345.399441079
1258 1256 555.974633223
356 357 344.943020817
356 358 555.974633222
1533 1534 555.974633222
1140 1141 347.297109421
383 384 655.020874539
759 760 347.827273231
1338 1339 346.045387945
980 880 655.42226871
893 894 345.133241926
1267 1268 555.974633223
1267 1274 345.513486981
883 884 345.209311973
326 327 555.974633223
326 664 345.969433698
112 6 346.007412139
823 824 654.82020563
506 507 346.690573214
1130 1131 347.372878864
1080 1081 347.486513188
1379 1380 346.007412139
1346 1347 346.083361116
1331 99 555.974633222
959 797 345.81749359
171 172 345.931452622
690 691 347.486513188
1234 1235 346.500891983
993 994 347.410759618
161 114 345.931452622
161 283 345.931452622
1373 1374 345.969433698
655 645 555.974633223
660 968 345.43745901
660 1428 654.539302265
269 637 346.007412139
335 336 555.974633222
335 1291 346.083361116
421 571 346.045387945
344 345 555.974633223
344 832 555.974633223
795 676 555.974633222
772 773 347.637988571
66 67 345.551497019
969 162 345.475474311
65 66 555.974633222
1375 1376 345.969433698
864 865 555.974633223
860 861 345.665511344
907 908 344.904968714
621 622 555.974633223
621 623 654.679749032
621 962 345.703510855
1197 1198 347.259220732
788 789 555.974633223
11 243 346.007412139
11 1 555.974633223
321 322 555.974633222
1480 1481 555.974633222
489 490 347.18343542
489 493 555.974633223
606 607 346.235227441
606 566 555.974633223
1128 1129 555.974633223
1274 1275 555.974633223
1256 1257 345.361420517
1256 1259 654.519239255
1256 1394 555.974633223
555 556 555.974633223
1238 1239 555.974633222
254 255 654.940604661
254 264 555.974633223
1162 1163 555.974633223
303 304 555.974633223
303 31 555.974633223
573 574 345.893468912
573 961 555.974633222
573 327 555.974633223
1007 1008 655.74343537
1007 1004 555.974633223
1008 1009 347.713710379
294 295 345.893468912
294 114 654.800139808
552 553 345.779501978
1522 1523 555.974633223
1186 1187 347.410759618
337 940 654.920537671
337 335 654.900470873
1150 1151 347.259220732
571 175 555.974633223
887 888 345.209311973
292 293 345.893468912
597 598 555.974633223
597 595 346.007412139
837 838 555.974633223
124 1256 654.499176452
175 176 346.007412139
175 420 346.007412139
1329 1330 346.045387945
27 28 345.779501978
382 383 346.349099499
1190 1191 347.372878864
712 713 347.865122217
777 778 555.974633223
93 94 346.121331651
1450 1451 555.974633222
333 334 346.007412139
333 57 555.974633223
348 349 345.969433698
1126 1127 555.974633223
284 285 345.931452622
70 71 345.627509201
70 72 555.974633222
1208 215 654.6596846
12 13 345.779501978
12 301 555.974633223
1223 1224 555.974633222
1223 1225 345.475474311
1001 1002 555.974633223
408 409 555.974633222
841 842 346.159299551
560 561 345.893468912
520 521 555.974633223
520 1220 346.159299551
1460 1461 346.46294782
380 381 346.387051577
380 382 555.974633223
587 588 345.475474311
587 589 654.559365477
1180 1181 347.865122217
848 849 555.974633222
870 871 345.627509201
1311 1312 346.61470864
323 324 346.007412139
323 664 555.974633223
173 174 345.969433698
173 176 555.974633223
173 177 654.840271648
113 4 345.969433698
113 288 345.969433698
917 192 555.974633222
789 790 347.259220732
1196 1197 555.974633223
695 696 347.600123696
1333 1334 346.083361116
1447 1448 345.057161365
1330 1331 555.974633223
218 219 345.741507733
1068 1069 555.974633223
222 482 345.893468912
222 172 555.974633223
1524 1525 347.259220732
1519 1008 555.974633223
1298 333 346.007412139
510 511 654.900470873
510 520 555.974633223
510 1221 346.121331651
1392 1267 555.974633223
234 235 555.974633223
234 306 555.974633222
884 885 555.974633222
1134 1135 347.334995465
1038 1039 555.974633223
1372 1355 346.007412139
1356 1357 345.969433698
1033 1034 348.356917864
1033 1035 656.084721826
599 643 555.974633223
599 600 555.974633223
471 472 345.551497019
471 478 555.974633223
1370 1371 346.007412139
733 734 348.12999093
1263 1264 555.974633223
1122 1123 346.538833508
1122 1124 555.974633222
966 967 345.513486981
1415 984 555.974633223
786 787 555.974633222
336 337 346.121331651
1117 1112 346.500891983
1454 422 346.083361116
1420 1421 555.974633222
1420 1422 347.069737624
248 249 555.974633222
549 454 555.974633222
549 580 345.779501978
179 180 654.840271648
179 323 346.007412139
1164 1165 555.974633223
16 17 345.81749359
845 846 555.974633223
1496 1497 346.993925878
391 392 555.974633223
590 591 555.974633223
414 131 345.893468912
414 415 654.780074182
414 1530 345.893468912
378 379 655.081078945
378 1464 555.974633223
1059 1060 347.978653281
746 747 555.974633223
897 898 555.974633222
1163 1164 347.297109421
407 408 346.121331651
407 515 346.121331651
40 41 346.083361116
40 42 555.974633222
40 1403 346.083361116
1380 1381 346.007412139
1040 1041 555.974633223
1341 1342 346.045387945
1185 1186 555.974633223
214 215 345.665511344
1243 182 345.247343053
468 469 345.741507733
468 32 345.741507733
468 121 654.719878494
1459 445 555.974633223
773 774 347.637988571
53 54 555.974633223
53 55 654.860337862
557 558 345.855482568
557 555 654.760008755
557 554 555.974633223
78 74 555.974633222
1495 1496 346.993925878
39 40 555.974633223
39 111 654.860337862
39 112 555.974633223
220 181 345.81749359
943 944 346.197264814
780 781 555.974633223
1249 1250 345.247343053
372 373 346.61470864
869 633 345.665511344
274 275 344.981070294
4 5 555.974633223
1376 1377 345.969433698
322 268 555.974633223
723 724 348.016491669
1199 1200 555.974633222
1332 1333 346.083361116
1299 11 654.860337862
1299 413 346.045387945
91 494 555.974633223
551 552 345.779501978
732 733 555.974633223
1031 1032 348.319103339
238 239 555.974633222
238 1216 555.974633223
238 1396 345.665511344
840 841 346.159299551
1083 992 655.582846525
1083 1167 347.410759618
1448 1449 345.057161365
1448 350 555.974633222
1416 1417 347.145538799
157 158 346.576772394
324 325 346.007412139
324 326 555.974633223
299 300 555.974633223
299 301 654.760008755
299 960 345.855482568
1012 1013 655.803658966
1012 1518 347.789421595
1013 1014 347.827273231
1013 1517 347.827273231
268 269 555.974633223
268 245 654.860337862
268 244 346.045387945
268 637 654.860337862
442 443 655.06101062
826 371 555.974633222
1525 1526 555.974633222
1293 1294 346.121331651
545 546 347.107639533
456 550 555.974633222
1063 1064 347.940812242
354 355 344.981070294
1228 165 555.974633222
701 702 347.751567311
892 893 555.974633223
1121 1122 655.141285042
825 826 346.576772394
1137 1138 347.297109421
146 147 555.974633222
1361 1362 345.855482568
948 949 346.235227441
62 63 345.627509201
1236 634 555.974633223
353 354 555.974633223
131 132 555.974633222
131 227 555.974633223
909 910 344.904968714
1269 1270 555.974633222
1064 1065 347.940812242
226 120 555.974633222
86 87 555.974633222
86 495 347.107639533
1405 1406 346.197264814
1171 1172 555.974633222
279 280 344.981070294
89 90 555.974633223
207 208 345.551497019
929 930 555.974633222
215 216 345.665511344
215 1209 555.974633223
1017 1018 347.940812242
156 157 555.974633222
156 160 555.974633223
135 136 555.974633223
135 1455 345.285371504
24 25 345.741507733
524 525 555.974633223
1418 1419 347.107639533
1418 1416 655.442340322
868 869 345.665511344
1527 1528 555.974633223
586 587 345.475474311
5 6 346.007412139
5 9 346.007412139
667 621 555.974633223
1254 1255 345.323397325
663 326 345.969433698
684 685 555.974633223
550 551 345.779501978
550 657 555.974633223
1410 1411 346.273187431
1156 1157 555.974633222
502 503 346.121331651
132 133 345.855482568
1094 985 555.974633223
846 847 555.974633223
42 43 555.974633223
42 610 346.121331651
397 398 555.974633223
874 875 555.974633223
874 1414 345.247343053
308 309 555.974633223
1344 1345 555.974633223
616 617 346.007412139
206 207 555.974633223
370 371 346.61470864
370 401 7791.34680267
370 825 555.974633222
928 929 555.974633223
1124 359 346.500891983
700 701 655.763509736
249 250 346.121331651
107 108 346.045387945
1364 1365 555.974633223
94 95 346.121331651
910 911 344.904968714
120 121 345.779501978
137 138 555.974633223
187 188 345.133241926
1547 652 555.974633222
871 624 555.974633222
36 37 555.974633223
1317 1318 655.161354113
930 931 345.209311973
1511 1512 347.145538799
642 560 555.974633222
642 558 345.855482568
242 234 345.589504426
309 310 345.513486981
1136 1137 555.974633223
190 191 555.974633223
190 1310 555.974633223
409 410 346.083361116
409 965 346.083361116
567 568 555.974633223
349 34 345.969433698
349 1154 555.974633223
605 52 345.969433698
605 1297 555.974633223
420 243 346.007412139
200 203 346.007412139
1079 1080 555.974633223
314 315 555.974633222
211 212 555.974633223
211 208 555.974633222
866 867 555.974633223
1363 1364 555.974633222
102 103 555.974633222
882 883 555.974633223
317 266 555.974633223
317 854 654.840271648
830 831 555.974633223
830 344 346.235227441
1345 1346 346.083361116
15 16 345.81749359
15 29 555.974633223
15 28 654.739943526
395 396 555.974633222
395 1221 346.121331651
221 222 555.974633222
221 169 345.855482568
615 616 346.007412139
1253 1254 555.974633223
48 49 555.974633223
1494 1495 346.993925878
1118 1119 346.538833508
58 109 346.045387945
58 619 555.974633223
1312 1313 555.974633223
1290 111 555.974633223
1290 33 887.600488894
500 501 346.121331651
180 171 555.974633223
180 173 345.969433698
180 483 345.969433698
180 177 555.974633223
123 124 555.974633223
1101 1102 555.974633223
422 411 346.083361116
422 421 654.880404271
956 957 555.974633223
1387 1388 345.969433698
865 866 345.703510855
801 802 555.974633223
1411 1412 555.974633222
14 15 345.81749359
721 722 555.974633222
561 562 555.974633222
561 578 345.893468912
1132 1133 347.334995465
