4 5 276.241759983
71 57 276.410164541
86 87 555.974633221
17 18 276.368066558
48 49 276.452260418
20 21 276.32596647
101 102 276.031206955
2 3 276.241759983
94 99 275.989090042
92 93 275.946971027
23 12 276.283864278
21 22 276.32596647
76 73 276.15754508
19 20 555.974633221
19 30 276.368066558
93 94 555.974633223
93 95 275.946971027
100 101 555.974633223
64 65 276.536445858
44 45 6336.39121346
15 16 276.368066558
15 38 555.974633224
43 12 555.974633223
80 81 555.974633221
80 82 276.115434474
88 89 555.974633223
63 64 276.536445858
47 9 276.199653583
95 96 275.946971026
18 19 276.368066558
42 16 555.974633224
49 50 2352.56403256
53 54 275.946971027
27 28 552.904520441
87 88 276.115434474
16 17 276.368066558
45 24 784.247393031
26 27 1145.80988697
99 100 275.989090041
38 39 276.410164541
38 40 555.974633221
38 42 276.410164541
14 15 555.974633221
14 43 276.325966471
6 7 276.241759983
46 47 555.974633221
34 35 276.620622873
34 37 555.974633224
56 57 276.410164541
51 52 555.974633223
98 94 275.989090041
62 63 276.536445858
11 12 555.974633224
11 46 276.241759983
79 80 276.115434475
40 41 276.452260419
35 36 555.974633223
5 6 276.241759983
36 34 620.997909464
1 2 276.241759983
25 26 998.731294041
84 85 555.974633221
96 97 555.974633223
55 56 555.974633224
85 86 276.073321766
12 13 276.283864279
12 14 620.847967462
69 70 555.974633224
68 64 555.974633221
60 61 276.494354191
30 31 555.974633224
30 32 276.368066558
30 29 555.974633221
65 66 276.536445858
65 67 555.974633221
67 68 276.578535419
54 92 275.946971027
9 10 276.199653583
9 11 555.974633221
78 79 276.115434474
22 23 555.974633223
28 24 2555.10222803
52 53 275.946971027
91 84 555.974633223
73 74 555.974633224
73 77 555.974633223
83 84 276.115434475
97 98 275.989090041
24 25 1382.89266917
24 33 276.578535419
24 48 2352.56403256
8 9 555.974633224
8 72 276.157545081
61 62 555.974633223
61 69 276.494354191
13 14 555.974633223
103 51 275.989090042
0 1 276.241759983
75 76 555.974633224
58 59 276.452260418
58 60 555.974633224
90 91 276.15754508
72 73 276.15754508
59 71 555.974633221
3 4 276.241759983
89 90 276.15754508
29 20 276.325966471
70 59 276.452260419
74 75 276.199653583
102 103 555.974633223
33 34 620.979161991
82 83 276.115434474
57 58 555.974633221
77 78 276.115434474
50 24 276.578535419
