614: -0.207500 51.512500 9.025001
1222: -0.037500 51.492500 9.200000
1413: -0.162500 51.472500 196.030180
964: -0.077500 51.507500 1.700000
591: -0.067500 51.592500 11.122223
256: -0.002500 51.487500 8.233334
950: -0.157500 51.482500 3.600000
273: -0.102500 51.652500 88.000000
1353: -0.322500 51.517500 84.300000
31: -0.047500 51.547500 254.811890
1374: -0.302500 51.517500 91.100000
134: -0.122500 51.537500 16.000000
88: -0.132500 51.362500 0.000000
1412: -0.167500 51.472500 172.244100
189: -0.182500 51.632500 76.100000
339: 0.012500 51.512500 34.038715
933: -0.032500 51.627500 55.750000
908: -0.207500 51.657500 179.000000
244: -0.017500 51.507500 0.000000
387: -0.017500 51.482500 68.578950
1041: -0.277500 51.232500 92.375000
142: -0.092500 51.587500 68.000000
1281: -0.042500 51.552500 61.600000
290: -0.117500 51.537500 18.666668
149: -0.087500 51.557500 83.000000
737: -0.037500 51.232500 83.493440
1532: 0.037500 51.582500 -2.000000
170: -0.072500 51.527500 62.664043
745: -0.027500 51.257500 118.745610
873: -0.007500 51.612500 0.000000
1131: -0.182500 51.332500 0.000000
781: 0.067500 51.317500 199.113540
766: 0.042500 51.287500 150.663640
1147: -0.132500 51.352500 0.000000
894: -0.232500 51.627500 177.000000
1368: -0.347500 51.517500 66.000000
399: -0.037500 51.507500 62.076923
705: -0.017500 51.277500 250.996810
875: -0.012500 51.607500 17.100000
838: -0.242500 51.487500 66.000000
815: -0.012500 51.537500 9.070000
44: -0.117500 51.492500 22.000000
150: -0.087500 51.552500 78.000000
45: -0.172500 51.502500 219.799000
331: -0.157500 51.517500 27.600000
1056: -0.307500 51.257500 150.636370
1240: -0.187500 51.612500 70.649994
464: -0.097500 51.567500 102.600000
654: -0.142500 51.457500 5.000000
1219: -0.017500 51.517500 54.699997
735: -0.047500 51.232500 95.132250
482: -0.082500 51.527500 55.000000
1385: -0.252500 51.512500 46.900000
1455: -0.102500 51.607500 88.500000
612: -0.212500 51.507500 0.000000
496: -0.297500 51.492500 0.000000
452: -0.122500 51.542500 82.000000
835: -0.247500 51.477500 64.000000
611: -0.107500 51.507500 73.500000
624: -0.167500 51.557500 0.000000
805: 0.022500 51.547500 62.000000
1419: -0.272500 51.367500 69.666664
636: -0.147500 51.522500 31.000000
1261: -0.262500 51.592500 123.333336
392: -0.027500 51.492500 57.347828
401: -0.042500 51.502500 59.850000
483: -0.067500 51.517500 91.500000
916: -0.177500 51.642500 150.000000
412: -0.092500 51.507500 59.541668
216: -0.102500 51.557500 76.500000
714: -0.047500 51.262500 149.753850
1153: -0.142500 51.557500 0.000000
640: 0.042500 51.507500 4.400000
891: -0.222500 51.622500 175.600000
749: -0.012500 51.262500 111.961660
859: -0.227500 51.557500 35.100000
389: -0.017500 51.487500 79.142860
352: -0.077500 51.642500 26.933334
1193: -0.212500 51.337500 547.353450
272: -0.107500 51.657500 87.500000
1493: 0.037500 51.377500 300.587430
814: -0.012500 51.542500 9.045455
1390: -0.227500 51.522500 57.600000
670: 0.007500 51.377500 64.158930
530: -0.002500 51.477500 80.700000
1021: -0.262500 51.242500 93.733330
475: -0.042500 51.577500 65.000000
172: -0.077500 51.522500 56.102364
1439: -0.162500 51.462500 192.564270
108: -0.187500 51.507500 60.666668
716: -0.057500 51.257500 110.326675
133: -0.122500 51.532500 21.600000
1395: -0.032500 51.557500 10.000000
1047: -0.302500 51.242500 96.142860
1479: 0.007500 51.357500 455.284120
73: -0.072500 51.557500 92.500000
1042: -0.282500 51.237500 92.125000
406: -0.067500 51.502500 58.347828
428: -0.077500 51.487500 51.304348
145: -0.092500 51.572500 87.000000
588: -0.072500 51.582500 16.025000
1: -0.097500 51.517500 26.328740
1273: -0.277500 51.562500 101.500000
1237: -0.187500 51.617500 64.900000
540: -0.067500 51.417500 111.000000
1191: -0.212500 51.332500 572.834660
208: -0.117500 51.572500 94.500000
1436: -0.162500 51.452500 230.189730
439: -0.052500 51.462500 79.578950
498: -0.287500 51.492500 7.466667
32: -0.057500 51.547500 230.479000
769: 0.037500 51.292500 205.988200
1216: -0.022500 51.552500 45.633330
1181: -0.317500 51.267500 320.428680
1195: -0.222500 51.337500 480.792180
809: 0.007500 51.542500 53.500000
828: -0.272500 51.487500 64.500000
803: 0.027500 51.552500 52.000000
361: -0.137500 51.447500 28.900000
724: -0.087500 51.247500 128.525440
1235: -0.192500 51.447500 11.966667
75: -0.177500 51.497500 10.475000
325: -0.052500 51.512500 5.450000
2: -0.102500 51.517500 21.489502
1009: -0.242500 51.287500 221.285720
827: -0.277500 51.487500 0.000000
143: -0.092500 51.582500 77.000000
194: -0.167500 51.632500 83.900000
671: 0.007500 51.372500 68.650940
986: -0.257500 51.347500 78.000000
577: -0.157500 51.527500 30.411112
1138: -0.157500 51.342500 0.000000
1409: -0.157500 51.477500 175.524930
1506: -0.042500 51.612500 71.000000
342: 0.007500 51.512500 39.534122
459: -0.122500 51.552500 95.666664
466: -0.067500 51.552500 89.750000
652: -0.147500 51.462500 4.666666
1362: -0.342500 51.532500 57.000000
386: -0.017500 51.477500 62.818180
1060: -0.297500 51.252500 242.692300
1248: -0.227500 51.612500 0.000000
1295: -0.127500 51.492500 5.800000
1166: -0.272500 51.337500 348.962070
1160: -0.222500 51.342500 407.808400
205: 0.027500 51.502500 7.771429
465: -0.072500 51.552500 80.666664
997: -0.247500 51.317500 178.333330
1389: -0.237500 51.517500 55.444443
1271: -0.277500 51.567500 102.500000
1422: -0.177500 51.372500 306.758540
1082: -0.272500 51.322500 123.666664
202: 0.032500 51.512500 9.133334
1113: -0.142500 51.452500 26.366669
285: -0.112500 51.522500 66.000000
481: -0.067500 51.527500 81.000000
628: -0.167500 51.567500 0.000000
432: -0.067500 51.477500 55.500000
191: -0.177500 51.637500 82.433330
33: -0.137500 51.522500 0.000000
1490: 0.042500 51.367500 426.524800
1399: -0.012500 51.552500 11.521739
625: -0.162500 51.557500 0.000000
503: -0.267500 51.497500 4.300000
289: -0.262500 51.497500 56.000000
295: -0.092500 51.527500 72.466770
1424: -0.182500 51.377500 323.709530
533: 0.002500 51.472500 97.555560
798: 0.022500 51.542500 48.000000
726: -0.077500 51.242500 155.322920
829: -0.272500 51.482500 72.750000
6: -0.117500 51.512500 19.685040
526: -0.027500 51.482500 57.666668
366: -0.067500 51.432500 154.190480
1207: -0.102500 51.572500 52.200005
316: 0.002500 51.512500 0.000000
1288: -0.022500 51.522500 11.662499
678: 0.022500 51.357500 122.867744
1192: -0.207500 51.332500 585.864260
225: -0.077500 51.547500 22.150000
1360: -0.337500 51.527500 68.000000
849: -0.212500 51.472500 39.333332
821: -0.007500 51.522500 7.519999
165: 0.002500 51.587500 71.140625
617: -0.192500 51.512500 30.525000
722: -0.077500 51.247500 112.250824
1407: -0.137500 51.492500 168.963260
562: -0.142500 51.532500 66.000000
999: -0.237500 51.317500 189.000000
1067: -0.262500 51.267500 231.000000
1340: -0.272500 51.507500 64.444440
985: -0.257500 51.352500 79.928570
117: -0.087500 51.542500 25.250000
968: -0.022500 51.587500 71.450350
643: -0.027500 51.512500 167.322830
1276: -0.227500 51.607500 118.666664
306: -0.032500 51.572500 54.861000
1484: 0.022500 51.352500 400.028140
296: -0.087500 51.527500 79.699050
924: -0.047500 51.597500 48.125000
546: -0.227500 51.367500 100.250000
532: 0.002500 51.477500 99.333336
808: 0.007500 51.547500 56.500000
424: -0.087500 51.497500 53.111110
1043: -0.282500 51.242500 90.466670
1541: -0.112500 51.502500 5.500000
1220: -0.042500 51.492500 6.175000
1406: -0.137500 51.487500 170.603670
692: -0.002500 51.312500 207.245470
648: -0.152500 51.467500 14.500000
278: -0.122500 51.647500 117.000000
1247: 0.042500 51.592500 14.600000
1003: -0.232500 51.302500 194.866670
166: -0.002500 51.592500 79.681350
169: -0.072500 51.532500 73.490810
1189: -0.222500 51.332500 521.653560
1433: -0.152500 51.442500 237.385600
186: -0.187500 51.622500 56.659996
687: 0.007500 51.327500 181.361540
710: -0.037500 51.272500 236.502100
1382: -0.267500 51.512500 64.111115
106: -0.192500 51.502500 61.000000
114: -0.092500 51.522500 65.000000
462: -0.107500 51.562500 93.500000
1315: -0.212500 51.427500 22.000000
1052: -0.317500 51.252500 87.923080
694: -0.007500 51.307500 229.987690
839: -0.242500 51.492500 67.333336
715: -0.052500 51.257500 121.780650
886: -0.207500 51.612500 121.500000
1051: -0.317500 51.247500 84.733330
940: -0.152500 51.492500 9.966666
1127: -0.187500 51.327500 0.000000
784: 0.062500 51.327500 181.279000
435: -0.062500 51.467500 68.090910
965: -0.072500 51.502500 2.660000
262: 0.007500 51.487500 44.344440
844: -0.222500 51.487500 84.000000
657: -0.142500 51.537500 235.564320
1378: -0.282500 51.517500 74.200000
38: -0.127500 51.507500 16.500000
776: 0.062500 51.302500 229.093770
1211: 0.042500 51.502500 70.000010
232: -0.037500 51.562500 13.020000
1152: -0.132500 51.347500 0.000000
98: -0.227500 51.497500 46.000000
1053: -0.317500 51.257500 82.937500
1466: -0.057500 51.457500 106.500000
517: -0.062500 51.492500 50.111110
490: -0.232500 51.357500 108.333336
1145: -0.142500 51.352500 0.000000
128: -0.132500 51.517500 0.000000
559: -0.152500 51.527500 71.800000
1078: -0.272500 51.307500 151.500000
996: -0.252500 51.317500 147.333330
1544: -0.237500 51.297500 212.777770
298: -0.082500 51.532500 63.425575
1049: -0.312500 51.242500 94.214290
168: -0.072500 51.537500 0.000000
1367: -0.352500 51.517500 64.111115
264: -0.002500 51.497500 9.550000
1032: -0.257500 51.207500 104.500000
130: -0.132500 51.527500 27.340000
1176: -0.297500 51.272500 405.929380
1159: -0.227500 51.342500 373.419250
1287: -0.027500 51.462500 57.500000
163: -0.002500 51.582500 73.341850
576: -0.057500 51.552500 23.066666
1302: -0.187500 51.462500 119.203850
95: -0.242500 51.497500 46.500000
229: -0.017500 51.447500 14.900000
1502: -0.157500 51.497500 5.812500
541: -0.092500 51.542500 72.666664
64: -0.082500 51.567500 69.000000
904: -0.222500 51.652500 173.600000
203: 0.022500 51.512500 6.690000
878: -0.017500 51.597500 12.000000
926: -0.042500 51.602500 46.666668
572: -0.062500 51.527500 17.100000
1529: -0.187500 51.362500 114.250000
1019: -0.262500 51.252500 125.117645
185: -0.182500 51.622500 67.740000
832: -0.262500 51.477500 58.000000
209: -0.122500 51.572500 90.000000
1135: -0.167500 51.337500 0.000000
697: -0.007500 51.297500 240.423070
890: -0.217500 51.622500 172.000000
819: -0.002500 51.527500 8.110000
379: -0.017500 51.457500 62.850000
880: -0.232500 51.367500 95.500000
231: -0.042500 51.562500 19.720000
63: -0.082500 51.562500 60.000000
939: -0.057500 51.557500 82.222220
1000: -0.237500 51.312500 192.428570
1029: -0.252500 51.217500 91.692310
1099: -0.227500 51.347500 119.642860
934: -0.027500 51.627500 54.250000
1177: -0.302500 51.272500 392.209500
1178: -0.302500 51.267500 381.770480
515: -0.067500 51.497500 56.875000
329: -0.067500 51.522500 14.766667
1408: -0.142500 51.492500 174.978120
787: 0.057500 51.337500 174.426330
584: -0.087500 51.577500 40.150000
1277: -0.222500 51.607500 112.714290
287: -0.122500 51.522500 82.500000
1304: -0.177500 51.462500 259.186340
384: -0.012500 51.472500 92.800000
1359: -0.332500 51.527500 86.125000
1214: -0.212500 51.502500 8.383333
629: -0.172500 51.567500 0.000000
1292: -0.137500 51.497500 6.908334
448: -0.107500 51.537500 95.000000
454: -0.132500 51.547500 106.800000
973: -0.202500 51.377500 82.687500
1388: -0.242500 51.517500 52.111110
1321: -0.227500 51.432500 67.466670
1501: -0.157500 51.492500 10.611111
1069: -0.267500 51.272500 240.692300
681: 0.012500 51.352500 140.367800
1474: -0.202500 51.652500 412.292200
978: -0.222500 51.372500 89.312500
1514: -0.272500 51.277500 234.000000
682: 0.012500 51.347500 155.270770
822: -0.012500 51.522500 8.000000
440: -0.047500 51.462500 83.300000
1530: -0.117500 51.527500 27.000000
984: -0.252500 51.352500 82.428570
377: -0.022500 51.442500 66.909090
1313: -0.202500 51.427500 29.450000
680: 0.017500 51.352500 135.598300
453: -0.127500 51.542500 83.000000
305: -0.042500 51.567500 54.684100
167: -0.007500 51.587500 81.331540
951: -0.152500 51.497500 -0.175000
1110: -0.007500 51.497500 172.790910
1403: -0.117500 51.502500 161.581360
18: -0.037500 51.537500 194.663160
192: -0.172500 51.637500 78.033330
763: 0.027500 51.282500 140.431140
177: -0.072500 51.512500 6.069554
1538: 0.027500 51.582500 22.200000
1226: 0.007500 51.582500 91.972880
351: -0.082500 51.642500 32.800000
1320: -0.227500 51.437500 65.000000
1018: -0.262500 51.257500 137.357150
516: -0.067500 51.492500 54.250000
430: -0.067500 51.487500 52.909092
199: 0.027500 51.507500 0.000000
709: -0.032500 51.272500 238.684720
731: -0.057500 51.242500 170.267240
1545: -0.147500 51.537500 82.666664
927: -0.042500 51.607500 42.375000
754: 0.002500 51.262500 104.505770
7: -0.117500 51.507500 14.545059
672: 0.012500 51.372500 68.963455
889: -0.212500 51.622500 170.800000
1324: -0.197500 51.427500 47.040000
1513: -0.202500 51.362500 107.076920
813: -0.017500 51.542500 10.860000
704: -0.012500 51.277500 242.205750
514: -0.062500 51.497500 52.454544
538: -0.027500 51.502500 66.428570
1354: -0.322500 51.512500 79.300000
1025: -0.252500 51.232500 103.846150
90: -0.137500 51.357500 0.000000
987: -0.262500 51.347500 79.066666
998: -0.242500 51.317500 186.200000
1441: -0.092500 51.647500 29.579998
1084: -0.267500 51.332500 100.571430
1198: -0.212500 51.347500 407.122400
1229: 0.002500 51.592500 68.114655
1534: 0.042500 51.587500 1.666667
944: -0.157500 51.487500 8.050000
390: -0.022500 51.487500 58.047620
1512: -0.197500 51.362500 107.636360
181: -0.077500 51.537500 63.788902
355: -0.077500 51.647500 24.666666
1402: -0.027500 51.507500 4.420000
831: -0.267500 51.477500 56.500000
922: -0.052500 51.587500 53.166668
1004: -0.232500 51.297500 198.571430
1462: -0.032500 51.452500 98.250000
574: -0.052500 51.527500 14.050000
1518: -0.237500 51.277500 217.076920
679: 0.017500 51.357500 122.246680
1245: 0.032500 51.597500 24.933334
455: -0.137500 51.547500 108.750000
1172: -0.277500 51.277500 583.392940
554: -0.157500 51.537500 95.000000
223: -0.092500 51.567500 0.000000
905: -0.222500 51.657500 169.250000
1202: -0.212500 51.357500 350.453370
1539: 0.027500 51.587500 21.250000
19: -0.032500 51.537500 188.648300
1440: -0.092500 51.642500 33.800000
650: -0.157500 51.462500 2.000000
311: -0.012500 51.577500 59.031200
315: -0.027500 51.442500 18.400000
1175: -0.292500 51.272500 448.580320
111: -0.127500 51.512500 49.333332
429: -0.072500 51.487500 53.826088
1096: -0.237500 51.352500 93.800000
895: -0.232500 51.632500 169.400000
291: -0.112500 51.527500 80.275450
900: -0.237500 51.647500 164.200000
1398: -0.007500 51.547500 7.000000
300: -0.067500 51.537500 68.596700
363: -0.077500 51.422500 0.000000
1498: 0.017500 51.382500 260.449520
21: -0.027500 51.542500 194.663160
686: 0.007500 51.332500 174.180020
569: -0.097500 51.492500 43.500000
1445: -0.097500 51.642500 47.600000
901: -0.232500 51.647500 185.500000
736: -0.042500 51.232500 96.331696
779: 0.072500 51.307500 209.837520
1141: -0.142500 51.342500 0.000000
257: -0.002500 51.482500 11.271428
433: -0.062500 51.477500 61.263157
851: -0.217500 51.472500 53.500000
1109: -0.187500 51.367500 108.692310
1343: -0.287500 51.507500 70.333336
1034: -0.267500 51.202500 106.176470
1314: -0.207500 51.427500 22.349998
1300: 0.032500 51.592500 20.866667
548: -0.102500 51.542500 109.333336
416: -0.112500 51.532500 71.260870
488: -0.222500 51.357500 91.500000
610: -0.117500 51.497500 5.525000
1081: -0.277500 51.317500 127.312500
362: 0.017500 51.617500 0.000000
1144: -0.142500 51.347500 0.000000
898: -0.232500 51.642500 161.666670
367: -0.062500 51.432500 141.608690
457: -0.127500 51.547500 89.750000
183: -0.177500 51.617500 94.425000
958: 0.012500 51.537500 168.963260
184: -0.182500 51.617500 81.400000
340: 0.012500 51.517500 45.556805
1434: -0.157500 51.442500 231.913270
945: -0.162500 51.487500 6.820000
1369: -0.347500 51.512500 66.333336
1485: 0.027500 51.352500 413.148860
1104: -0.207500 51.362500 118.666664
1209: -0.107500 51.552500 37.455555
493: -0.227500 51.362500 91.500000
59: -0.172500 51.507500 29.938100
543: -0.152500 51.557500 0.000000
1289: -0.007500 51.542500 15.929998
20: -0.032500 51.542500 180.993010
1510: -0.082500 51.547500 75.500000
1489: 0.042500 51.362500 492.257260
393: -0.027500 51.497500 64.000000
673: 0.017500 51.372500 73.103226
1250: -0.237500 51.612500 113.800000
579: -0.132500 51.532500 32.000000
1282: 0.027500 51.537500 56.000000
899: -0.237500 51.642500 163.500000
812: -0.017500 51.547500 11.599999
856: -0.237500 51.562500 36.328570
1386: -0.252500 51.517500 62.888890
265: -0.002500 51.502500 7.477778
1058: -0.307500 51.252500 235.090910
988: -0.262500 51.342500 83.066666
34: -0.137500 51.517500 47.333332
792: 0.042500 51.352500 140.429320
775: 0.062500 51.297500 238.176470
105: -0.197500 51.502500 46.000000
935: -0.027500 51.632500 55.000000
1280: -0.037500 51.552500 58.800000
213: -0.112500 51.562500 73.500000
911: -0.192500 51.657500 190.000000
151: -0.092500 51.552500 69.000000
400: -0.042500 51.507500 56.842106
1125: -0.127500 51.462500 23.666666
1206: -0.097500 51.577500 40.183334
760: 0.022500 51.272500 111.683044
797: 0.022500 51.537500 0.000000
415: -0.117500 51.532500 74.000000
1210: 0.037500 51.502500 69.600000
376: -0.022500 51.437500 68.181816
1444: -0.102500 51.642500 39.500000
818: -0.002500 51.532500 8.540000
1119: -0.137500 51.442500 36.200000
37: -0.132500 51.507500 21.333334
949: -0.152500 51.482500 2.800000
1242: -0.182500 51.607500 82.750000
327: -0.057500 51.522500 14.700000
765: 0.037500 51.287500 147.631820
476: -0.042500 51.572500 61.000000
770: 0.037500 51.297500 230.395020
495: -0.132500 51.367500 0.000000
239: -0.022500 51.562500 1.525000
1022: -0.262500 51.237500 86.500000
947: -0.142500 51.482500 5.480000
1349: -0.312500 51.507500 64.777780
434: -0.062500 51.472500 63.545456
1231: -0.187500 51.452500 18.400000
607: -0.112500 51.482500 6.266666
381: -0.017500 51.462500 63.166668
68: -0.067500 51.572500 80.666664
589: -0.072500 51.587500 15.583333
1481: 0.007500 51.347500 498.204130
762: 0.022500 51.282500 131.272340
711: -0.037500 51.267500 237.116120
578: -0.137500 51.527500 32.471428
979: -0.222500 51.377500 92.357140
368: -0.057500 51.432500 119.625000
1133: -0.177500 51.337500 0.000000
931: -0.032500 51.617500 59.666668
994: -0.257500 51.327500 117.300000
436: -0.057500 51.467500 73.043480
266: -0.002500 51.507500 5.680000
217: -0.102500 51.552500 80.000000
888: -0.212500 51.617500 165.333330
824: -0.022500 51.517500 8.485714
417: -0.107500 51.532500 70.181816
1070: -0.267500 51.277500 234.615390
983: -0.247500 51.357500 77.916664
1404: -0.132500 51.492500 165.682420
164: -0.002500 51.587500 69.110504
487: -0.222500 51.362500 0.000000
872: -0.157500 51.557500 60.550000
800: 0.027500 51.547500 62.666668
527: -0.022500 51.482500 55.900000
499: -0.282500 51.492500 5.033333
373: -0.032500 51.432500 71.391304
820: -0.007500 51.527500 7.685715
620: -0.182500 51.552500 0.000000
196: -0.172500 51.622500 96.666664
995: -0.257500 51.322500 121.916664
1204: -0.092500 51.557500 41.933334
771: 0.042500 51.297500 224.315000
1215: -0.032500 51.552500 0.000000
861: -0.217500 51.557500 43.966663
1319: -0.227500 51.442500 61.000000
604: -0.037500 51.532500 83.800000
330: -0.157500 51.522500 0.000000
431: -0.067500 51.482500 48.363636
103: -0.207500 51.502500 62.000000
1428: -0.012500 51.592500 79.695330
72: -0.067500 51.557500 90.000000
1257: -0.252500 51.597500 99.333336
1371: -0.337500 51.512500 55.750000
785: 0.057500 51.327500 177.871000
568: -0.102500 51.492500 47.750000
720: -0.072500 51.252500 105.714290
1115: -0.137500 51.457500 23.242857
748: -0.017500 51.262500 108.259020
1026: -0.257500 51.227500 96.500000
1421: -0.172500 51.377500 282.152220
608: -0.112500 51.487500 4.966667
1194: -0.217500 51.337500 524.177250
734: -0.052500 51.232500 104.666664
915: -0.177500 51.647500 142.833330
912: -0.187500 51.652500 159.833330
946: -0.142500 51.487500 7.485714
1327: -0.227500 51.512500 64.454544
1476: 0.017500 51.362500 329.763000
1432: -0.147500 51.442500 244.332170
451: -0.117500 51.542500 101.250000
197: -0.172500 51.617500 86.466670
522: -0.042500 51.487500 52.333332
505: -0.062500 51.422500 118.600000
647: -0.147500 51.467500 17.500000
750: -0.012500 51.267500 110.456910
251: -0.017500 51.492500 4.130000
1188: -0.227500 51.332500 471.073900
82: -0.112500 51.372500 0.000000
1308: -0.162500 51.467500 203.412080
129: -0.132500 51.522500 25.700000
1270: -0.272500 51.567500 104.833336
1442: -0.097500 51.647500 29.275000
1536: 0.032500 51.587500 8.000000
1456: -0.097500 51.607500 89.500000
1024: -0.257500 51.232500 103.785710
1307: -0.167500 51.467500 232.939640
802: 0.032500 51.552500 56.000000
914: -0.182500 51.647500 148.666670
302: -0.052500 51.552500 61.033950
1155: -0.162500 51.527500 91.000000
858: -0.232500 51.557500 38.980003
583: -0.097500 51.572500 33.528570
158: -0.182500 51.437500 29.527560
811: 0.017500 51.542500 52.500000
1232: -0.187500 51.457500 10.633333
385: -0.017500 51.472500 60.150000
347: -0.262500 51.492500 6.177778
144: -0.092500 51.577500 79.500000
365: -0.072500 51.427500 158.950000
204: 0.022500 51.507500 5.657143
755: 0.007500 51.262500 103.777410
1161: -0.247500 51.352500 269.923650
1284: -0.002500 51.612500 20.966667
9: -0.107500 51.512500 24.770342
1103: -0.212500 51.362500 99.545456
375: -0.027500 51.437500 69.800000
54: -0.167500 51.507500 26.453450
219: -0.087500 51.547500 66.500000
162: -0.007500 51.582500 0.000000
1500: -0.162500 51.492500 11.020000
109: -0.142500 51.507500 70.666664
1097: -0.232500 51.352500 99.750000
1377: -0.287500 51.517500 68.000000
806: 0.017500 51.547500 59.500000
281: -0.137500 51.647500 128.000000
480: -0.067500 51.577500 90.500000
906: -0.217500 51.657500 168.750000
358: -0.077500 51.657500 29.366667
1423: -0.182500 51.372500 342.847780
1221: -0.042500 51.497500 6.733334
1027: -0.257500 51.222500 95.631580
1085: -0.267500 51.337500 100.076920
1323: -0.222500 51.432500 65.200000
758: 0.017500 51.267500 105.663635
460: -0.122500 51.557500 108.200000
1366: -0.352500 51.522500 68.444440
566: -0.107500 51.487500 0.000000
1296: -0.167500 51.502500 0.000000
937: -0.027500 51.642500 43.714287
201: 0.032500 51.507500 7.587500
1309: -0.207500 51.507500 4.325000
1477: 0.012500 51.362500 392.716520
497: -0.292500 51.492500 9.480000
104: -0.202500 51.502500 56.000000
1252: -0.237500 51.607500 120.142860
138: -0.102500 51.597500 74.000000
1535: 0.032500 51.582500 11.333333
394: -0.032500 51.497500 59.523810
631: -0.177500 51.562500 0.000000
178: -0.072500 51.507500 4.921260
1086: -0.262500 51.337500 98.384610
447: -0.102500 51.537500 88.000000
1469: -0.217500 51.652500 505.249360
1272: -0.272500 51.562500 99.000000
855: -0.242500 51.562500 0.000000
92: -0.257500 51.497500 0.000000
727: -0.072500 51.242500 162.584140
757: 0.012500 51.267500 114.390780
666: -0.182500 51.547500 0.000000
595: -0.037500 51.512500 56.800000
1443: -0.107500 51.642500 34.633330
1488: 0.037500 51.362500 504.073700
1266: -0.272500 51.582500 94.333336
1400: -0.012500 51.557500 7.185714
193: -0.172500 51.632500 83.900000
665: -0.057500 51.502500 17.060368
649: -0.157500 51.467500 12.500000
656: -0.132500 51.462500 17.500000
1015: -0.257500 51.267500 209.750000
528: -0.022500 51.477500 65.375000
592: -0.062500 51.592500 12.599999
618: -0.187500 51.512500 30.757143
469: -0.067500 51.547500 80.000000
1205: -0.092500 51.562500 46.666668
3: -0.107500 51.517500 18.482065
485: -0.047500 51.562500 53.590300
635: -0.152500 51.522500 31.637497
1491: 0.037500 51.367500 412.784360
275: -0.107500 51.647500 114.000000
404: -0.057500 51.507500 57.095238
1114: -0.137500 51.452500 22.300000
319: 0.002500 51.497500 9.199999
1286: -0.032500 51.462500 0.000000
212: -0.117500 51.562500 78.666664
799: 0.027500 51.542500 37.000000
357: -0.072500 51.652500 26.500000
1453: -0.282500 51.487500 159.120740
1065: -0.272500 51.257500 250.666670
1088: -0.267500 51.352500 91.500000
1279: -0.027500 51.552500 44.750000
952: -0.187500 51.517500 33.275000
1452: -0.277500 51.482500 192.475950
639: 0.047500 51.507500 3.150000
1076: -0.272500 51.302500 162.235290
1077: -0.277500 51.307500 155.500000
646: -0.142500 51.467500 7.666666
1391: -0.257500 51.472500 -19.666666
85: -0.122500 51.367500 0.000000
596: -0.037500 51.517500 63.500000
328: -0.062500 51.522500 13.240000
1120: -0.137500 51.437500 33.771427
1429: -0.082500 51.422500 101.350006
976: -0.212500 51.372500 79.400000
403: -0.052500 51.507500 59.428570
236: -0.027500 51.562500 8.120000
1090: -0.272500 51.357500 85.187500
698: -0.002500 51.292500 251.219990
419: -0.097500 51.532500 72.769230
651: -0.152500 51.462500 -11.500000
1108: -0.192500 51.367500 100.363640
1467: -0.002500 51.547500 0.000000
115: -0.092500 51.537500 0.000000
237: -0.027500 51.557500 7.450000
1014: -0.252500 51.272500 227.692300
563: -0.137500 51.532500 70.400000
1100: -0.222500 51.352500 113.230770
1358: -0.332500 51.522500 76.900000
1168: -0.277500 51.292500 538.467830
1089: -0.272500 51.352500 88.470590
739: -0.027500 51.232500 73.497300
369: -0.052500 51.432500 104.750000
1050: -0.312500 51.247500 87.200000
717: -0.062500 51.257500 112.680360
263: 0.002500 51.487500 24.783333
1515: -0.302500 51.257500 228.600000
437: -0.062500 51.462500 77.736840
783: 0.062500 51.322500 184.874050
627: -0.162500 51.567500 0.000000
1291: -0.137500 51.502500 9.871429
1158: -0.232500 51.347500 363.899800
896: -0.237500 51.632500 181.500000
738: -0.032500 51.232500 75.357140
817: -0.007500 51.532500 8.222222
1507: -0.052500 51.602500 57.600000
1318: -0.222500 51.437500 14.000000
653: -0.142500 51.462500 9.500000
1182: -0.312500 51.257500 465.879270
1107: -0.197500 51.367500 103.214290
259: 0.007500 51.482500 41.480003
1446: -0.097500 51.637500 49.650000
1438: -0.157500 51.457500 199.936970
941: -0.147500 51.492500 9.457143
1054: -0.317500 51.262500 90.833336
992: -0.262500 51.332500 100.916664
318: -0.007500 51.502500 8.600000
842: -0.227500 51.492500 68.750000
126: -0.087500 51.522500 0.000000
504: -0.067500 51.422500 149.700000
767: 0.047500 51.287500 163.706380
521: -0.047500 51.487500 57.428570
1072: -0.272500 51.287500 215.000000
1396: -0.017500 51.557500 6.927536
564: -0.137500 51.537500 78.250000
8: -0.112500 51.507500 16.185476
29: -0.052500 51.542500 238.845150
834: -0.252500 51.477500 66.500000
674: 0.017500 51.367500 75.735490
791: 0.047500 51.352500 127.072570
491: -0.237500 51.357500 108.000000
276: -0.112500 51.647500 106.000000
1037: -0.272500 51.212500 106.285710
1002: -0.237500 51.302500 194.533340
1335: -0.252500 51.502500 48.363636
810: 0.012500 51.542500 61.000000
713: -0.047500 51.267500 171.143590
744: -0.027500 51.252500 127.464070
427: -0.077500 51.492500 57.304348
923: -0.052500 51.592500 51.666668
1201: -0.207500 51.357500 358.548920
418: -0.102500 51.532500 79.230770
30: -0.052500 51.547500 262.467200
582: -0.107500 51.567500 33.557144
691: 0.002500 51.317500 193.607010
60: -0.077500 51.552500 0.000000
903: -0.227500 51.652500 183.000000
740: -0.027500 51.237500 79.922585
816: -0.007500 51.537500 8.480000
1075: -0.272500 51.297500 166.428570
774: 0.057500 51.297500 232.368520
247: -0.022500 51.507500 6.614286
1239: -0.192500 51.612500 58.599995
1543: -0.277500 51.477500 43.500000
913: -0.182500 51.652500 143.333330
1091: -0.267500 51.362500 80.250000
1336: -0.252500 51.507500 48.200000
1246: 0.037500 51.592500 18.700000
313: -0.022500 51.447500 16.100000
1478: 0.012500 51.357500 392.013500
669: 0.012500 51.377500 63.870495
74: -0.182500 51.497500 0.000000
1306: -0.167500 51.462500 221.456700
100: -0.217500 51.497500 53.000000
1339: -0.267500 51.507500 66.000000
1505: -0.172500 51.492500 10.057142
603: -0.032500 51.532500 64.750000
641: 0.037500 51.507500 2.400000
260: 0.007500 51.477500 44.180000
508: -0.052500 51.427500 104.636360
233: -0.037500 51.567500 12.860001
174: -0.082500 51.517500 70.374016
633: -0.187500 51.557500 0.000000
790: 0.052500 51.347500 135.321870
1451: -0.272500 51.477500 170.603670
1464: -0.022500 51.457500 69.000000
1105: -0.207500 51.367500 106.800000
1365: -0.347500 51.522500 64.100000
702: -0.002500 51.282500 270.059660
478: -0.057500 51.577500 91.333336
270: -0.102500 51.662500 0.000000
547: -0.102500 51.547500 94.500000
807: 0.012500 51.547500 46.000000
47: -0.177500 51.507500 -38.075027
764: 0.032500 51.282500 144.758500
1062: -0.287500 51.252500 257.083340
438: -0.057500 51.462500 77.350000
1401: -0.007500 51.552500 11.542857
1116: -0.147500 51.452500 24.340000
685: 0.007500 51.337500 165.367690
286: -0.117500 51.522500 89.333336
1471: -0.212500 51.647500 441.272980
332: -0.152500 51.517500 27.300000
288: -0.122500 51.517500 83.500000
955: 0.002500 51.542500 213.254600
1212: 0.042500 51.512500 55.900000
1230: -0.192500 51.452500 0.000000
1483: 0.022500 51.347500 343.204380
307: -0.027500 51.572500 56.796050
1342: -0.282500 51.507500 68.000000
1337: -0.257500 51.507500 47.200000
558: -0.152500 51.532500 56.000000
398: -0.032500 51.507500 62.333332
35: -0.137500 51.512500 46.500000
925: -0.047500 51.602500 52.600000
1384: -0.257500 51.512500 60.500000
25: -0.032500 51.547500 219.160110
443: -0.032500 51.457500 86.000000
402: -0.047500 51.507500 56.880000
253: -0.007500 51.492500 7.016666
1427: -0.027500 51.587500 80.741234
1526: -0.192500 51.352500 134.416670
1203: -0.097500 51.557500 40.879997
600: -0.027500 51.522500 81.000000
664: -0.062500 51.517500 17.840000
1218: -0.012500 51.517500 54.800000
658: -0.152500 51.537500 270.341220
1098: -0.227500 51.352500 109.333336
159: -0.182500 51.432500 38.057743
778: 0.067500 51.307500 217.782260
26: -0.037500 51.542500 197.944000
719: -0.067500 51.252500 106.106660
877: -0.017500 51.602500 13.500000
450: -0.112500 51.542500 85.000000
139: -0.097500 51.597500 73.500000
885: -0.202500 51.612500 116.750000
960: -0.062500 51.532500 68.333336
751: -0.007500 51.267500 107.112070
637: -0.007500 51.512500 0.000000
1470: -0.212500 51.652500 465.879270
1074: -0.272500 51.292500 186.200000
1546: -0.127500 51.467500 0.000000
46: -0.177500 51.502500 -29.567438
50: -0.177500 51.517500 30.579000
101: -0.212500 51.497500 56.750000
1187: -0.227500 51.327500 494.969400
638: 0.052500 51.507500 0.000000
585: -0.082500 51.577500 36.775000
388: -0.012500 51.487500 66.444440
565: -0.132500 51.537500 89.500000
280: -0.132500 51.647500 131.000000
1357: -0.332500 51.517500 70.000000
301: -0.062500 51.537500 65.343750
1516: -0.252500 51.267500 222.727280
534: 0.007500 51.472500 96.714290
1482: 0.017500 51.347500 482.133100
55: -0.162500 51.507500 19.123451
1093: -0.262500 51.357500 83.294120
22: -0.022500 51.542500 225.284330
707: -0.027500 51.277500 239.654270
938: -0.052500 51.597500 61.625000
1184: -0.237500 51.322500 615.031250
449: -0.112500 51.537500 80.500000
1508: -0.052500 51.582500 83.166664
1233: -0.192500 51.457500 10.050000
1531: 0.037500 51.587500 -2.000000
634: -0.187500 51.552500 0.000000
1458: -0.017500 51.467500 0.000000
509: -0.047500 51.502500 53.428570
662: -0.047500 51.517500 14.183333
1449: -0.082500 51.637500 23.325000
659: -0.012500 51.587500 76.436600
1157: -0.167500 51.527500 0.000000
1322: -0.232500 51.432500 67.042854
957: -0.002500 51.537500 249.343840
1057: -0.307500 51.262500 189.916670
1225: 0.012500 51.582500 106.408580
320: 0.002500 51.492500 8.166667
1381: -0.272500 51.512500 69.222220
581: -0.112500 51.567500 33.390003
1146: -0.132500 51.357500 0.000000
83: -0.112500 51.367500 0.000000
148: -0.087500 51.562500 81.333336
632: -0.182500 51.557500 0.000000
122: -0.237500 51.597500 0.000000
1241: -0.187500 51.607500 82.149994
1255: -0.237500 51.602500 106.857140
544: -0.217500 51.362500 0.000000
989: -0.257500 51.342500 86.909090
1348: -0.307500 51.502500 60.181820
741: -0.032500 51.242500 91.564514
1352: -0.317500 51.517500 72.625000
836: -0.247500 51.482500 58.000000
87: -0.127500 51.362500 0.000000
1397: -0.012500 51.547500 8.420290
258: 0.002500 51.482500 18.888887
718: -0.062500 51.252500 106.567795
847: -0.217500 51.477500 55.750000
1316: -0.212500 51.432500 22.000000
675: 0.022500 51.367500 77.171220
1473: -0.202500 51.647500 379.483800
241: -0.022500 51.567500 0.000000
1492: 0.037500 51.372500 353.052920
970: -0.197500 51.372500 0.000000
1174: -0.287500 51.277500 474.964660
297: -0.087500 51.532500 73.095800
1061: -0.292500 51.252500 255.416670
1045: -0.292500 51.247500 98.928570
1035: -0.267500 51.207500 112.187500
1142: -0.137500 51.342500 0.000000
1472: -0.207500 51.647500 429.790040
1260: -0.257500 51.592500 121.285710
1431: -0.147500 51.437500 261.085170
1414: -0.017500 51.612500 16.300001
793: 0.032500 51.352500 113.007550
853: -0.222500 51.482500 60.000000
796: -0.127500 51.537500 69.000000
283: -0.102500 51.522500 62.333332
246: -0.022500 51.512500 12.085715
195: -0.172500 51.627500 88.040000
630: -0.177500 51.567500 0.000000
473: -0.052500 51.577500 54.000000
1011: -0.247500 51.277500 211.357150
1523: -0.197500 51.342500 161.307700
1028: -0.252500 51.222500 93.875000
531: -0.002500 51.472500 91.571430
1071: -0.267500 51.282500 223.285720
80: -0.107500 51.372500 0.000000
1055: -0.312500 51.262500 126.384610
1305: -0.172500 51.462500 223.097100
725: -0.082500 51.242500 137.396670
833: -0.257500 51.477500 76.750000
147: -0.087500 51.567500 78.333336
622: -0.177500 51.557500 0.000000
1170: -0.272500 51.282500 713.910770
494: -0.142500 51.362500 0.000000
364: -0.072500 51.422500 164.285720
782: 0.067500 51.322500 184.786790
293: -0.102500 51.527500 73.734500
954: -0.107500 51.577500 0.000000
477: -0.037500 51.572500 61.333332
474: -0.047500 51.577500 62.333332
862: -0.217500 51.552500 46.649998
67: -0.072500 51.572500 57.000000
852: -0.222500 51.477500 51.800000
881: -0.192500 51.622500 124.600000
668: 0.012500 51.382500 61.700000
1303: -0.182500 51.462500 216.535430
601: -0.032500 51.522500 62.800000
1010: -0.247500 51.282500 214.333330
1294: -0.127500 51.497500 5.892308
1334: -0.247500 51.502500 51.222220
484: -0.047500 51.567500 54.261450
338: 0.017500 51.512500 16.076115
1417: -0.277500 51.362500 68.666664
742: -0.027500 51.242500 95.455550
1179: -0.307500 51.267500 359.251980
1437: -0.162500 51.457500 239.196880
152: -0.097500 51.552500 75.000000
857: -0.237500 51.557500 35.283337
441: -0.042500 51.462500 83.476190
921: -0.057500 51.587500 56.750000
1310: -0.177500 51.627500 55.633330
304: -0.047500 51.557500 62.550900
228: -0.017500 51.452500 0.000000
602: -0.032500 51.527500 106.000000
936: -0.027500 51.637500 54.555557
677: 0.022500 51.362500 90.673430
23: -0.022500 51.547500 207.239730
17: -0.042500 51.537500 192.257220
0: -0.092500 51.517500 0.000000
511: -0.052500 51.502500 54.666668
1213: 0.037500 51.512500 68.450000
188: -0.182500 51.627500 65.100000
245: -0.017500 51.512500 7.983334
250: -0.017500 51.497500 4.514286
1497: 0.022500 51.382500 223.182720
463: -0.102500 51.567500 88.333336
902: -0.232500 51.652500 188.750000
79: -0.102500 51.372500 0.000000
1183: -0.242500 51.282500 728.619900
155: -0.172500 51.432500 0.000000
444: -0.027500 51.457500 74.571430
1465: -0.052500 51.457500 99.333336
479: -0.062500 51.577500 87.333336
975: -0.207500 51.372500 77.875000
570: -0.097500 51.497500 50.000000
49: -0.182500 51.512500 20.084702
1435: -0.157500 51.447500 250.470720
423: -0.092500 51.497500 50.523810
1149: -0.122500 51.352500 0.000000
1426: -0.187500 51.372500 291.994750
1301: -0.192500 51.462500 0.000000
81: -0.107500 51.377500 0.000000
334: -0.147500 51.512500 30.000000
1265: -0.272500 51.587500 105.333336
243: -0.092500 51.512500 24.606300
310: -0.017500 51.577500 54.661037
1347: -0.302500 51.502500 70.666664
1259: -0.252500 51.592500 117.333336
542: -0.082500 51.552500 70.500000
1005: -0.227500 51.297500 205.583330
1517: -0.242500 51.272500 222.307700
623: -0.172500 51.557500 0.000000
413: -0.097500 51.507500 60.916668
57: -0.152500 51.507500 48.083122
854: 0.002500 51.517500 20.156660
1425: -0.187500 51.377500 297.244080
371: -0.042500 51.432500 85.600000
472: -0.052500 51.572500 72.000000
136: -0.107500 51.602500 84.500000
210: -0.122500 51.567500 87.666664
426: -0.082500 51.492500 55.136364
445: -0.022500 51.462500 71.740740
1224: 0.017500 51.587500 104.166664
176: -0.077500 51.512500 6.397638
77: -0.172500 51.512500 13.650000
743: -0.027500 51.247500 110.360870
1143: -0.137500 51.347500 0.000000
1326: -0.232500 51.517500 58.125000
580: -0.137500 51.542500 28.183334
1169: -0.267500 51.287500 717.012630
730: -0.062500 51.237500 163.150000
575: -0.052500 51.532500 19.900000
756: 0.007500 51.267500 106.771190
942: -0.147500 51.487500 9.025000
230: -0.042500 51.557500 0.000000
1503: -0.162500 51.497500 10.314285
683: 0.012500 51.342500 161.893830
1039: -0.277500 51.222500 99.466670
539: -0.062500 51.417500 107.500000
1227: -0.062500 51.507500 10.520000
1297: -0.162500 51.512500 71.000000
706: -0.022500 51.277500 251.770310
1244: 0.037500 51.597500 0.000000
536: -0.007500 51.482500 55.700000
119: -0.077500 51.542500 22.350000
974: -0.207500 51.377500 81.235290
96: -0.237500 51.497500 66.666664
97: -0.232500 51.497500 62.333332
1355: -0.327500 51.512500 73.200000
1165: -0.277500 51.337500 340.551200
446: -0.097500 51.537500 83.000000
594: -0.042500 51.512500 61.000000
804: 0.022500 51.552500 59.000000
1328: -0.232500 51.512500 67.777780
1463: -0.027500 51.452500 99.000000
69: -0.067500 51.567500 70.500000
1262: -0.262500 51.587500 111.714290
51: -0.172500 51.517500 29.217250
1006: -0.227500 51.292500 221.166670
1283: -0.162500 51.522500 0.000000
141: -0.097500 51.587500 64.000000
609: -0.112500 51.492500 3.900000
501: -0.277500 51.497500 8.812500
512: -0.052500 51.497500 53.875000
953: -0.177500 51.512500 30.439999
1102: -0.217500 51.357500 107.200000
127: -0.087500 51.517500 20.359999
1430: -0.142500 51.437500 277.474000
529: -0.007500 51.472500 60.375000
843: -0.222500 51.492500 60.250000
1095: -0.242500 51.352500 83.214290
613: -0.212500 51.512500 9.650000
747: -0.022500 51.262500 110.380300
1066: -0.267500 51.262500 247.642850
977: -0.217500 51.372500 83.714290
1509: -0.252500 51.472500 54.250000
981: -0.237500 51.362500 86.733330
1350: -0.312500 51.512500 66.100000
728: -0.072500 51.237500 159.047620
1275: -0.262500 51.582500 115.166664
1044: -0.287500 51.247500 99.846150
661: -0.042500 51.517500 13.300000
470: -0.062500 51.572500 56.500000
359: -0.132500 51.447500 0.000000
644: -0.132500 51.467500 0.000000
1023: -0.257500 51.237500 90.769230
537: -0.022500 51.492500 57.900000
56: -0.157500 51.507500 27.294600
343: -0.047500 51.512500 29.199476
867: -0.202500 51.557500 57.250000
991: -0.257500 51.332500 95.200000
1264: -0.267500 51.587500 107.833336
43: -0.122500 51.492500 10.500000
1173: -0.282500 51.277500 519.192930
1139: -0.152500 51.342500 0.000000
753: -0.002500 51.262500 107.081250
1087: -0.267500 51.347500 87.600000
312: -0.007500 51.577500 60.675297
411: -0.087500 51.502500 55.318180
182: -0.177500 51.612500 0.000000
553: -0.157500 51.542500 91.500000
1499: -0.167500 51.492500 0.000000
918: -0.052500 51.557500 65.000000
255: -0.007500 51.487500 5.450000
76: -0.182500 51.517500 24.474998
1351: -0.312500 51.517500 68.555560
425: -0.082500 51.497500 49.840000
689: 0.012500 51.322500 188.236920
703: -0.007500 51.277500 259.654400
1542: -0.012500 51.597500 21.128572
374: -0.027500 51.432500 68.826090
963: -0.067500 51.507500 2.012500
1268: -0.267500 51.572500 118.250000
876: -0.012500 51.602500 11.700001
252: -0.012500 51.492500 5.500000
523: -0.037500 51.487500 52.800000
1325: -0.227500 51.517500 0.000000
1151: -0.127500 51.347500 0.000000
198: -0.082500 51.522500 20.750000
405: -0.062500 51.502500 56.681820
1030: -0.257500 51.212500 97.642860
1129: -0.192500 51.332500 0.000000
153: -0.097500 51.547500 88.000000
699: 0.002500 51.287500 258.336500
598: -0.032500 51.517500 48.000000
1528: -0.187500 51.357500 125.928570
140: -0.097500 51.592500 72.000000
982: -0.242500 51.357500 89.272730
110: -0.137500 51.507500 59.000000
1200: -0.207500 51.352500 396.385130
121: -0.067500 51.542500 22.450000
518: -0.057500 51.492500 51.000000
1394: -0.247500 51.602500 50.527280
1048: -0.307500 51.242500 96.142860
13: -0.057500 51.542500 246.062990
972: -0.197500 51.377500 87.250000
360: -0.132500 51.442500 33.700000
1111: -0.092500 51.532500 98.500000
525: -0.032500 51.482500 59.666668
116: -0.087500 51.537500 21.366667
794: 0.032500 51.357500 107.800000
1016: -0.257500 51.262500 151.266660
461: -0.117500 51.557500 111.166664
1106: -0.202500 51.367500 102.785710
346: -0.267500 51.487500 5.750000
458: -0.127500 51.552500 91.250000
1036: -0.267500 51.212500 111.466670
863: -0.212500 51.557500 47.700000
1521: -0.202500 51.337500 173.428570
1148: -0.127500 51.352500 0.000000
118: -0.082500 51.542500 24.299997
761: 0.022500 51.277500 115.033340
1020: -0.262500 51.247500 115.571430
920: -0.057500 51.582500 58.625000
708: -0.027500 51.272500 234.941380
267: -0.007500 51.507500 6.522222
1504: -0.167500 51.497500 9.025001
1278: -0.217500 51.607500 115.285710
696: -0.012500 51.302500 244.136950
235: -0.032500 51.562500 11.100001
350: -0.087500 51.642500 0.000000
99: -0.222500 51.497500 36.333332
688: 0.012500 51.327500 186.072300
919: -0.047500 51.572500 77.000000
271: -0.102500 51.657500 76.500000
752: -0.002500 51.267500 111.191320
282: -0.142500 51.647500 131.000000
1046: -0.297500 51.242500 95.000000
619: -0.147500 51.502500 6.380000
768: 0.052500 51.287500 163.218190
71: -0.062500 51.562500 88.500000
932: -0.032500 51.622500 54.750000
1217: -0.017500 51.552500 53.066670
990: -0.257500 51.337500 97.800000
1112: -0.142500 51.447500 0.000000
519: -0.052500 51.492500 52.375000
154: -0.097500 51.542500 84.500000
693: -0.007500 51.312500 221.962130
513: -0.057500 51.497500 51.600000
1487: 0.037500 51.357500 385.444000
28: -0.047500 51.542500 190.288710
467: -0.062500 51.552500 84.400000
396: -0.037500 51.502500 55.666668
10: -0.102500 51.512500 14.927822
410: -0.082500 51.502500 55.750000
967: 0.012500 51.577500 0.000000
492: -0.232500 51.362500 92.000000
1383: -0.262500 51.512500 75.400000
345: -0.262500 51.487500 5.687500
1520: -0.202500 51.332500 182.090910
556: -0.162500 51.532500 89.333336
645: -0.137500 51.467500 17.500000
125: -0.232500 51.597500 99.000000
1073: -0.277500 51.287500 200.200000
84: -0.117500 51.367500 0.000000
52: -0.167500 51.517500 30.418900
507: -0.052500 51.422500 107.800000
277: -0.117500 51.647500 107.500000
729: -0.067500 51.237500 156.375400
1461: -0.037500 51.452500 95.333336
227: -0.127500 51.522500 27.200000
1486: 0.037500 51.352500 361.474000
1092: -0.267500 51.357500 82.058820
535: 0.012500 51.477500 91.875000
61: -0.077500 51.557500 69.000000
224: -0.082500 51.557500 30.459997
1154: -0.142500 51.522500 84.000000
626: -0.162500 51.562500 0.000000
341: 0.007500 51.517500 45.713040
1167: -0.272500 51.327500 355.971130
1258: -0.247500 51.592500 115.666664
356: -0.077500 51.652500 26.600000
1533: 0.042500 51.582500 -0.750000
1140: -0.147500 51.342500 0.000000
383: -0.007500 51.467500 76.857140
759: 0.017500 51.272500 110.208070
1338: -0.262500 51.507500 56.444443
980: -0.227500 51.372500 92.071430
893: -0.227500 51.627500 177.166670
1267: -0.267500 51.577500 112.500000
883: -0.197500 51.617500 133.166670
326: -0.057500 51.517500 9.700000
112: -0.122500 51.512500 16.750000
1393: -0.267500 51.562500 48.757145
823: -0.017500 51.522500 8.554544
506: -0.057500 51.422500 113.800000
1130: -0.187500 51.332500 0.000000
1080: -0.272500 51.317500 134.307700
1379: -0.282500 51.512500 76.777780
1346: -0.297500 51.502500 60.500000
1331: -0.222500 51.502500 55.900000
959: 0.017500 51.537500 177.165360
171: -0.072500 51.522500 57.852142
486: -0.052500 51.562500 67.005800
690: 0.007500 51.317500 184.463350
1234: -0.187500 51.447500 11.275000
993: -0.262500 51.327500 103.384610
161: -0.097500 51.522500 0.000000
1373: -0.307500 51.517500 79.444440
655: -0.137500 51.462500 14.000000
660: -0.017500 51.587500 67.632050
269: -0.012500 51.512500 9.833333
335: -0.142500 51.502500 12.250000
421: -0.087500 51.507500 54.571430
344: -0.262500 51.482500 0.000000
795: 0.027500 51.362500 91.121880
772: 0.047500 51.297500 219.548980
66: -0.077500 51.572500 62.000000
969: -0.012500 51.582500 73.403360
65: -0.077500 51.567500 66.500000
1375: -0.297500 51.517500 81.714290
864: -0.207500 51.557500 49.059998
860: -0.222500 51.557500 37.120003
907: -0.212500 51.657500 170.500000
621: -0.177500 51.552500 0.000000
1197: -0.217500 51.347500 429.790040
788: 0.057500 51.342500 156.966060
11: -0.097500 51.512500 18.044620
321: -0.012500 51.497500 5.766667
1480: 0.007500 51.352500 460.046700
489: -0.227500 51.357500 107.500000
606: -0.107500 51.482500 0.000000
1128: -0.192500 51.327500 0.000000
1537: 0.032500 51.577500 19.800000
1274: -0.262500 51.577500 103.250000
41: -0.127500 51.502500 19.666666
1256: -0.247500 51.597500 107.500000
555: -0.162500 51.537500 94.750000
1238: -0.192500 51.617500 59.340004
254: -0.002500 51.492500 7.942857
1162: -0.272500 51.347500 298.556430
303: -0.047500 51.552500 60.595024
573: -0.057500 51.527500 15.650000
1007: -0.232500 51.292500 224.214280
1008: -0.237500 51.287500 218.000000
294: -0.097500 51.527500 63.692800
552: -0.152500 51.542500 87.666664
1522: -0.197500 51.337500 166.153840
1186: -0.232500 51.327500 533.136500
337: -0.147500 51.497500 9.550000
1150: -0.122500 51.347500 0.000000
571: -0.082500 51.507500 53.500000
887: -0.207500 51.617500 125.750000
292: -0.107500 51.527500 77.392970
597: -0.032500 51.512500 65.250000
837: -0.242500 51.482500 58.000000
124: -0.242500 51.602500 98.500000
175: -0.082500 51.512500 55.063435
1329: -0.227500 51.507500 61.500000
850: -0.207500 51.472500 41.000000
27: -0.042500 51.542500 188.648300
382: -0.012500 51.467500 62.083332
1190: -0.217500 51.332500 568.241460
712: -0.042500 51.267500 227.943540
777: 0.067500 51.302500 223.504820
93: -0.252500 51.497500 54.000000
1450: -0.272500 51.472500 173.884520
333: -0.152500 51.512500 29.599998
348: -0.147500 51.517500 26.957142
1126: -0.187500 51.322500 0.000000
284: -0.107500 51.522500 57.666668
70: -0.067500 51.562500 74.500000
1208: -0.102500 51.562500 36.560000
12: -0.062500 51.542500 0.000000
1223: 0.017500 51.582500 0.000000
1001: -0.237500 51.307500 188.312500
408: -0.077500 51.497500 54.045456
841: -0.232500 51.492500 50.500000
560: -0.147500 51.527500 69.666664
520: -0.047500 51.492500 54.769230
1460: -0.042500 51.452500 0.000000
380: -0.012500 51.462500 64.041664
587: -0.077500 51.582500 30.042858
1251: -0.242500 51.612500 110.166664
1180: -0.312500 51.267500 343.121200
848: -0.212500 51.477500 50.333332
870: -0.172500 51.562500 102.325005
1540: -0.132500 51.452500 250.984250
1311: -0.197500 51.432500 0.000000
323: -0.062500 51.512500 5.840000
173: -0.077500 51.517500 66.491684
113: -0.117500 51.517500 47.000000
917: -0.172500 51.642500 149.400000
789: 0.057500 51.347500 151.925810
1196: -0.217500 51.342500 426.509200
695: -0.007500 51.302500 241.716920
1333: -0.242500 51.502500 52.000000
1447: -0.092500 51.637500 43.660000
1330: -0.222500 51.507500 63.857143
218: -0.092500 51.547500 81.333336
1068: -0.267500 51.267500 241.538470
222: -0.077500 51.527500 69.000000
1524: -0.197500 51.347500 147.000000
1519: -0.237500 51.282500 213.000000
1298: -0.157500 51.512500 55.000000
510: -0.047500 51.497500 55.571430
1392: -0.267500 51.582500 53.790910
234: -0.032500 51.567500 11.150000
884: -0.202500 51.617500 122.400000
1134: -0.172500 51.337500 0.000000
1038: -0.277500 51.217500 106.428570
1372: -0.332500 51.512500 65.500000
1356: -0.327500 51.517500 71.909090
1033: -0.262500 51.202500 106.076920
599: -0.027500 51.517500 57.250000
471: -0.057500 51.572500 66.333336
1370: -0.342500 51.512500 57.000000
733: -0.057500 51.232500 114.224070
1263: -0.267500 51.592500 102.166664
1122: -0.127500 51.442500 40.328570
966: 0.007500 51.577500 0.000000
1415: -0.252500 51.357500 80.333336
786: 0.057500 51.332500 177.291670
336: -0.142500 51.497500 9.250000
1117: -0.147500 51.447500 25.488890
1454: -0.097500 51.502500 2.900000
1420: -0.172500 51.372500 0.000000
248: -0.022500 51.502500 5.414285
549: -0.132500 51.542500 87.000000
179: -0.067500 51.512500 33.333336
1164: -0.277500 51.342500 329.277040
16: -0.047500 51.537500 241.961940
845: -0.217500 51.487500 75.250000
1496: 0.027500 51.382500 227.744960
391: -0.027500 51.487500 54.900000
590: -0.067500 51.587500 12.660000
414: -0.122500 51.527500 85.111115
378: -0.022500 51.452500 72.476190
1059: -0.302500 51.252500 234.692300
746: -0.022500 51.257500 111.032310
897: -0.232500 51.637500 184.000000
1163: -0.272500 51.342500 301.368560
407: -0.072500 51.497500 57.619050
40: -0.122500 51.502500 36.500000
1380: -0.277500 51.512500 74.222220
1040: -0.277500 51.227500 94.600000
1341: -0.277500 51.507500 61.125000
1185: -0.232500 51.322500 579.194460
214: -0.112500 51.557500 75.666664
1243: -0.182500 51.612500 85.766660
468: -0.062500 51.547500 89.500000
1459: -0.022500 51.467500 56.566666
773: 0.052500 51.297500 228.892320
53: -0.167500 51.512500 22.407867
557: -0.157500 51.532500 87.250000
78: -0.182500 51.502500 10.899999
1495: 0.032500 51.382500 224.737530
971: -0.192500 51.372500 92.818184
39: -0.122500 51.507500 18.000000
220: -0.082500 51.537500 65.000000
943: -0.152500 51.487500 9.000000
780: 0.067500 51.312500 206.632830
1249: -0.232500 51.612500 110.857140
372: -0.037500 51.432500 77.120000
869: -0.192500 51.557500 62.716663
274: -0.102500 51.647500 105.333336
4: -0.112500 51.517500 17.142387
1376: -0.292500 51.517500 81.375000
322: -0.012500 51.502500 5.142857
723: -0.082500 51.247500 118.270380
1199: -0.207500 51.347500 406.824160
1332: -0.237500 51.502500 50.500000
1299: -0.102500 51.507500 -77.333336
91: -0.142500 51.357500 0.000000
551: -0.147500 51.542500 123.500000
732: -0.057500 51.237500 166.535100
593: -0.057500 51.592500 9.800001
1031: -0.252500 51.207500 106.153850
238: -0.022500 51.557500 4.900000
840: -0.237500 51.492500 63.500000
1083: -0.267500 51.327500 108.769230
1448: -0.087500 51.637500 29.466665
1416: -0.272500 51.362500 71.333336
157: -0.177500 51.437500 42.650917
1123: -0.122500 51.442500 48.611110
324: -0.057500 51.512500 4.100000
299: -0.067500 51.532500 63.949300
1012: -0.242500 51.277500 213.100000
1013: -0.247500 51.272500 218.916670
1475: -0.197500 51.652500 409.011380
268: -0.012500 51.507500 9.133334
442: -0.037500 51.462500 93.150000
826: -0.042500 51.437500 95.666664
1525: -0.192500 51.347500 138.785720
1293: -0.132500 51.497500 7.225000
545: -0.222500 51.367500 109.500000
456: -0.142500 51.547500 98.500000
1063: -0.282500 51.257500 251.357150
354: -0.072500 51.647500 25.299997
1228: 0.002500 51.582500 66.066696
701: 0.002500 51.282500 271.040040
892: -0.227500 51.622500 180.000000
879: -0.017500 51.592500 16.100000
1121: -0.132500 51.437500 36.114285
825: -0.047500 51.437500 0.000000
1137: -0.162500 51.342500 0.000000
146: -0.087500 51.572500 86.000000
1361: -0.337500 51.532500 59.000000
948: -0.147500 51.482500 2.300000
62: -0.077500 51.562500 55.500000
1236: -0.187500 51.547500 0.000000
353: -0.072500 51.642500 25.300000
131: -0.127500 51.527500 27.400000
261: 0.012500 51.482500 47.588886
909: -0.202500 51.657500 180.400000
1269: -0.272500 51.572500 107.428570
1064: -0.277500 51.257500 250.000000
226: -0.072500 51.547500 19.766666
86: -0.127500 51.367500 0.000000
1405: -0.132500 51.487500 145.997380
1171: -0.277500 51.282500 642.149900
279: -0.127500 51.647500 136.000000
89: -0.137500 51.362500 0.000000
207: -0.112500 51.572500 88.000000
929: -0.037500 51.612500 48.571430
215: -0.107500 51.557500 76.500000
1017: -0.257500 51.257500 145.000000
156: -0.177500 51.432500 49.212600
135: -0.107500 51.607500 0.000000
160: -0.177500 51.427500 43.744530
24: -0.027500 51.547500 202.755900
524: -0.032500 51.487500 56.000000
1418: -0.277500 51.367500 72.000000
868: -0.197500 51.557500 61.225000
1527: -0.187500 51.352500 130.000000
586: -0.082500 51.582500 31.783335
5: -0.112500 51.512500 17.224410
667: -0.177500 51.547500 0.000000
1254: -0.232500 51.602500 107.833336
663: -0.052500 51.517500 14.450000
684: 0.007500 51.342500 163.478450
550: -0.142500 51.542500 132.666670
1410: -0.162500 51.477500 172.244100
1156: -0.167500 51.532500 91.000000
502: -0.272500 51.497500 4.916667
132: -0.127500 51.532500 24.100000
1094: -0.257500 51.357500 82.875000
846: -0.217500 51.482500 68.000000
42: -0.122500 51.497500 38.500000
397: -0.032500 51.502500 55.705883
874: -0.012500 51.612500 17.666666
308: -0.022500 51.572500 52.851650
1344: -0.292500 51.507500 69.600000
616: -0.197500 51.512500 16.949999
1457: -0.092500 51.607500 78.500000
206: -0.112500 51.577500 0.000000
370: -0.047500 51.432500 95.916664
928: -0.037500 51.607500 54.500000
1124: -0.127500 51.447500 38.579998
700: 0.007500 51.287500 263.890560
249: -0.022500 51.497500 4.342857
107: -0.192500 51.507500 55.666668
1364: -0.347500 51.527500 66.090910
676: 0.027500 51.367500 79.909520
94: -0.247500 51.497500 46.333332
910: -0.197500 51.657500 186.166670
120: -0.072500 51.542500 19.349998
961: -0.057500 51.532500 60.000000
137: -0.102500 51.602500 89.500000
187: -0.187500 51.627500 57.574997
1547: -0.147500 51.457500 66.000000
871: -0.167500 51.562500 99.040000
36: -0.132500 51.512500 34.500000
1317: -0.217500 51.432500 22.000000
930: -0.037500 51.617500 66.777780
1511: -0.192500 51.362500 109.222220
642: -0.147500 51.532500 74.844300
242: -0.027500 51.567500 0.116667
1468: 0.002500 51.547500 10.525000
309: -0.022500 51.577500 54.703100
1136: -0.162500 51.337500 0.000000
190: -0.177500 51.632500 76.371440
409: -0.077500 51.502500 55.944443
1285: 0.002500 51.612500 6.400000
567: -0.102500 51.487500 47.000000
349: -0.142500 51.517500 25.683334
605: -0.162500 51.517500 59.750000
420: -0.087500 51.512500 60.920000
200: 0.027500 51.512500 8.466666
1079: -0.272500 51.312500 147.769230
314: -0.027500 51.447500 18.500000
211: -0.117500 51.567500 82.000000
866: -0.202500 51.552500 54.950000
1363: -0.347500 51.532500 66.857140
102: -0.207500 51.497500 62.666668
882: -0.197500 51.622500 129.000000
317: -0.002500 51.512500 7.962500
830: -0.267500 51.482500 64.500000
1345: -0.292500 51.502500 60.800000
15: -0.052500 51.537500 263.123350
395: -0.037500 51.497500 61.210526
221: -0.077500 51.532500 66.500000
615: -0.202500 51.512500 10.599999
1253: -0.232500 51.607500 125.428570
48: -0.182500 51.507500 0.618001
1494: 0.037500 51.382500 251.254410
1118: -0.142500 51.442500 28.812500
58: -0.147500 51.507500 8.909360
1312: -0.202500 51.432500 30.150000
1290: -0.127500 51.517500 26.250000
500: -0.282500 51.497500 7.822223
180: -0.072500 51.517500 29.527560
123: -0.242500 51.597500 98.500000
1101: -0.217500 51.352500 109.928570
422: -0.092500 51.502500 51.954544
240: -0.017500 51.562500 0.440000
956: -0.002500 51.542500 216.535430
1387: -0.247500 51.517500 53.333332
865: -0.207500 51.552500 49.850000
962: -0.172500 51.552500 0.000000
801: 0.032500 51.547500 43.333332
1411: -0.167500 51.477500 182.086610
14: -0.057500 51.537500 200.131240
721: -0.077500 51.252500 106.310940
561: -0.142500 51.527500 68.750000
1132: -0.182500 51.337500 0.000000
