83: 24.852500 60.217500 22.666666
88: 24.837500 60.217500 22.800000
49: 24.917500 60.177500 9.864706
21: 24.897500 60.192500 39.466667
103: 24.827500 60.232500 127.952760
90: 24.842500 60.212500 9.033334
68: 24.967500 60.162500 -4.533333
102: 24.827500 60.227500 98.425200
77: 24.877500 60.217500 9.833333
29: 24.907500 60.192500 0.000000
53: 24.827500 60.237500 49.333332
40: 24.882500 60.177500 17.550000
13: 24.882500 60.197500 14.450001
17: 24.892500 60.187500 20.250000
23: 24.892500 60.197500 28.466665
19: 24.902500 60.187500 10.050000
64: 24.967500 60.167500 1.333333
80: 24.862500 60.217500 23.266668
25: 24.857500 60.162500 23.199999
20: 24.902500 60.192500 39.550000
78: 24.872500 60.217500 22.533335
43: 24.887500 60.192500 -3.766667
44: 24.947500 60.217500 0.000000
2: 24.782500 60.202500 0.500000
94: 24.812500 60.232500 145.997380
36: 24.877500 60.152500 0.850000
89: 24.837500 60.212500 11.700000
85: 24.847500 60.222500 12.450000
22: 24.892500 60.192500 29.350000
67: 24.972500 60.162500 -2.583333
86: 24.842500 60.222500 19.966665
26: 24.842500 60.167500 22.709090
100: 24.822500 60.232500 119.750656
101: 24.822500 60.227500 91.863520
28: 24.847500 60.177500 20.133333
16: 24.887500 60.187500 12.566667
12: 24.887500 60.197500 22.850000
99: 24.817500 60.232500 154.199480
33: 24.877500 60.162500 -0.533333
34: 24.872500 60.157500 0.283333
97: 24.802500 60.232500 172.244100
93: 24.812500 60.237500 147.637800
75: 24.872500 60.207500 30.599998
60: 24.962500 60.172500 8.257143
47: 24.892500 60.207500 17.466667
46: 24.892500 60.202500 19.350000
79: 24.867500 60.217500 25.433334
42: 24.887500 60.182500 10.150000
24: 24.882500 60.162500 0.000000
82: 24.857500 60.217500 17.000000
7: 24.807500 60.202500 12.599999
0: 24.772500 60.202500 0.000000
74: 24.877500 60.207500 25.450000
4: 24.792500 60.202500 5.780000
61: 24.957500 60.172500 -1.950000
3: 24.787500 60.202500 1.750000
70: 24.952500 60.177500 -2.400000
39: 24.877500 60.182500 14.800000
59: 24.957500 60.177500 -4.942857
65: 24.972500 60.167500 -1.300000
72: 24.882500 60.212500 36.966667
10: 24.882500 60.207500 25.333334
8: 24.887500 60.212500 0.000000
63: 24.962500 60.167500 -3.575000
6: 24.802500 60.202500 3.500000
41: 24.887500 60.177500 16.966665
73: 24.877500 60.212500 19.533335
50: 24.887500 60.162500 7.187500
48: 24.912500 60.177500 20.925000
76: 24.872500 60.212500 20.150002
14: 24.882500 60.192500 10.000000
35: 24.877500 60.157500 0.200000
30: 24.907500 60.187500 17.800000
37: 24.872500 60.162500 10.300000
98: 24.807500 60.232500 126.312340
66: 24.977500 60.167500 4.400000
92: 24.817500 60.237500 126.312340
69: 24.952500 60.172500 8.187500
95: 24.807500 60.237500 165.682420
58: 24.962500 60.177500 12.100000
11: 24.887500 60.202500 16.200000
31: 24.907500 60.182500 0.400000
27: 24.837500 60.177500 15.300000
5: 24.797500 60.202500 6.100000
38: 24.882500 60.182500 12.650000
52: 24.832500 60.237500 47.000000
15: 24.882500 60.187500 13.833333
84: 24.847500 60.217500 17.633333
57: 24.962500 60.182500 1.000000
54: 24.822500 60.237500 55.000000
87: 24.842500 60.217500 29.500000
9: 24.887500 60.207500 34.200000
32: 24.912500 60.187500 8.533333
56: 24.967500 60.182500 -2.520000
51: 24.832500 60.232500 0.000000
71: 24.957500 60.182500 18.887500
1: 24.777500 60.202500 -6.733333
81: 24.862500 60.222500 24.599998
55: 24.967500 60.187500 0.000000
62: 24.957500 60.167500 -3.333333
96: 24.802500 60.237500 153.105870
91: 24.847500 60.212500 21.650002
45: 24.892500 60.167500 56.350000
18: 24.897500 60.187500 15.100000
